data/128.grd
ncols         128
nrows         128
xllcorner	618360
yllcorner	6754408
cellsize	 1
NODATA_value	-9999
[rows 90 to 119 of 128, columns 0 to 68 of 128]
95.8927 96.0472 96.0941 96.0569 95.9994 95.9419 95.8844 95.7529 95.6062 95.7 95.74 100.65 101.31 95.74 95.69 95.6563 102.878 102.155 101.7 103.815 96.62 99.11 95.44 96.3333 95.5323 95.6063 100.68 98.19 95.6367 95.6252 95.62 95.5403 95.5685 95.6032 95.6379 95.6726 95.7073 95.7374 95.7309 95.6317 95.5264 95.545 95.546 95.5675 95.5927 95.64 95.5787 95.59 95.58 95.5871 95.5942 95.6012 95.6078 95.605 95.5966 95.5775 95.5166 95.52 95.48 95.47 95.45 95.476 95.7432 95.817 95.7535 95.5966 95.4397 95.4381 95.48
95.8792 96.0213 96.0683 96.104 96.0465 95.989 100.055 95.8706 95.91 95.673 102.04 102.42 95.659 99.7575 102.133 101.14 100.34 95.62 95.64 104.12 95.5039 102.185 95.4501 95.509 95.5679 95.6135 95.6479 95.6827 95.6892 95.6958 95.6745 95.6432 95.6756 95.7103 95.745 95.7546 95.7538 95.7529 95.7368 95.7047 95.5963 95.5623 95.5757 95.591 95.6162 95.6347 95.5976 95.5916 95.5756 95.555 95.5344 95.5703 95.577 95.57 95.5837 95.5776 95.56 95.4656 95.49 95.3765 95.46 95.5226 95.6589 95.8694 95.92 95.5988 95.47 95.4753 95.5058
95.8656 95.9955 96.0424 96.0894 96.0936 96.0361 95.9897 95.937 95.8448 95.7514 95.82 100.873 95.69 95.7029 98.58 95.8113 95.6783 101.843 103.85 95.5874 105.02 95.5607 95.4491 95.4952 95.5541 95.5877 95.6153 95.6529 95.6905 95.7281 95.7548 95.78 95.7728 95.7719 95.771 95.7701 95.7692 95.7684 95.7427 95.7106 95.6739 95.5609 95.5983 95.63 95.6025 95.5 95.4585 95.4817 95.475 95.5037 95.61 95.573 95.5222 95.5061 95.5298 95.5535 95.5376 95.5098 95.4821 95.4543 95.5296 95.6463 95.7213 95.7963 95.7237 95.5457 95.4816 95.5074 95.54
95.8521 95.9696 96.0166 96.0635 96.1105 96.13 96.0312 95.9601 95.8889 101.485 101.765 95.7242 99.2667 95.7073 95.7334 99.9225 95.6007 99.6233 95.6672 103.865 95.6442 95.6275 95.4829 95.4814 95.5397 95.5619 95.5841 95.6202 95.6578 95.6954 95.733 95.7548 95.7883 95.7874 95.7865 95.7856 95.7847 95.7807 95.7486 95.7165 95.6844 95.6366 95.5927 95.5827 95.4877 95.4078 95.4072 95.4394 95.52 95.5398 95.5689 95.5182 95.4674 95.52 95.4759 95.5039 95.5608 95.58 95.5177 95.4621 95.4155 95.3781 95.3943 95.4693 95.5304 95.3627 95.4616 95.5187 95.5502
95.8386 95.9438 95.9907 96.0377 96.0846 96.1024 96.0279 95.9415 95.8551 95.7829 101.255 99.5733 95.6348 97.62 98.0425 95.6561 100.785 95.5615 95.5634 98.4375 95.7143 97.86 95.5168 98.675 95.5138 95.536 95.5582 95.5876 95.6252 95.6628 95.6669 95.6889 95.7424 95.7959 95.802 95.8011 95.8002 95.7866 95.7545 95.7224 95.6903 95.6279 95.3715 95.3752 95.3789 95.4065 95.49 95.51 95.5246 95.5649 95.5141 95.5 95.4126 95.3983 95.4235 95.4804 95.5373 95.5676 95.5047 95.4417 95.45 95.42 95.36 95.44 95.38 95.3294 95.4232 95.4952 95.5413
95.8549 95.9179 95.943 95.9191 95.8952 95.8922 95.9322 95.8972 95.8108 95.75 95.6874 95.6063 95.5889 95.5899 95.616 95.5784 97.482 95.5327 97.0733 97.355 95.6572 95.6711 95.5507 95.4538 96.3933 95.5102 95.58 95.5549 95.5925 95.6139 95.5826 95.623 95.6765 95.73 95.7836 95.8166 95.8157 95.83 95.7601 95.6983 95.6366 95.59 95.37 95.3664 95.385 95.415 95.464 95.5137 95.5607 95.5101 95.4593 95.53 95.48 95.3444 95.52 95.54 95.5456 95.58 95.52 95.4213 95.3707 95.3334 95.39 95.2586 95.35 95.3755 95.3997 95.4717 95.5324
95.7675 95.7858 95.7326 95.78 95.6847 95.6837 95.6826 95.762 95.7665 95.75 95.6165 95.66 95.5431 96.4 96.515 95.5053 101.47 95.504 95.5033 97.545 95.5492 95.5128 95.4764 96.98 95.4622 95.4844 95.5065 95.5287 95.5599 95.5296 95.54 95.5571 95.6106 95.6641 95.7177 95.7712 95.8217 95.763 95.7008 95.6386 95.5752 95.524 95.3523 95.45 95.37 95.42 95.4652 95.5141 95.5405 95.4216 95.47 95.39 95.3087 95.3543 95.4277 95.5011 95.575 95.5257 95.4638 95.4009 95.3483 95.33 95.2736 95.2741 95.37 95.3845 95.395 95.46 95.5203
95.6398 95.6942 95.641 95.6277 95.6386 95.6056 95.5727 95.524 95.6083 95.6268 95.5457 95.499 95.5 95.4954 95.4986 95.485 99.12 95.4752 95.4763 95.4814 95.47 95.435 95.413 95.42 95.47 95.4526 95.4756 95.4986 95.4815 95.48 95.4376 95.4912 95.5447 95.5927 95.6343 95.6759 95.7176 95.7019 95.6398 95.5754 95.5104 95.5173 95.393 95.4 95.3726 95.4202 95.4678 95.5154 95.56 95.3398 95.3346 95.3294 95.47 95.51 95.53 95.5441 95.5759 95.5522 95.46 95.3805 95.326 95.2886 95.2959 95.38 95.4049 95.3936 95.3431 95.3825 95.4967
95.5122 95.6027 95.5495 95.6537 95.6541 95.69 95.5651 95.4962 95.4507 95.4484 95.4633 95.4532 95.46 95.4508 95.4538 95.4533 95.4584 95.4634 95.4685 95.4735 95.4385 95.3859 95.3751 99.01 95.52 95.47 95.4422 95.4652 95.4188 95.44 95.3637 95.4053 95.447 95.4886 95.5302 95.5718 95.6135 95.5736 95.5757 95.5106 95.51 95.4712 95.52 95.3258 95.39 95.4208 95.51 95.5166 95.5394 95.445 95.49 95.42 95.3652 95.4386 95.5133 95.5876 95.5697 95.5518 95.4892 95.42 95.3036 95.3177 95.3588 95.4 95.4531 95.4026 95.3521 95.43 95.4614
95.3846 95.5111 95.5107 95.6798 95.6668 95.6 95.5134 95.46 95.4172 95.4112 95.4242 95.4665 95.509 95.5265 95.57 95.58 95.4505 95.46 95.49 95.4656 95.56 95.55 98.685 95.3612 98.93 100.95 95.4088 95.4038 95.3561 95.4003 95.3654 95.3755 95.388 95.4005 95.4261 95.47 95.5094 95.45 95.4157 95.4458 95.4132 95.44 95.3619 95.3236 95.3715 95.44 95.4702 95.4969 95.56 95.49 95.3654 95.49 95.48 95.4825 95.5945 95.64 95.5635 95.5456 95.5277 95.4262 95.3568 95.3161 95.48 95.4629 95.5 95.4117 95.38 95.3107 95.3488
95.4314 95.4106 95.5333 95.6406 95.612 95.5306 95.4492 95.3898 95.3838 95.385 95.44 95.4539 95.4968 95.5377 95.5715 95.5 95.42 95.4405 95.4527 95.45 95.4653 98.46 99.68 99.69 100.72 95.3597 95.3754 95.3763 95.4268 95.4311 95.3969 95.3821 95.41 95.4071 95.53 95.432 95.52 95.4359 95.3732 95.42 95.38 95.318 95.3017 95.3252 95.3745 95.4239 95.4545 95.46 95.51 95.53 95.3808 95.3761 95.49 95.5637 95.593 95.5752 95.64 95.5394 95.5215 95.4859 95.505 95.51 98.01 95.29 95.3922 95.4454 95.44 95.3417 95.38
95.4279 95.41 95.3644 95.4719 95.5478 95.4664 95.385 95.47 95.3562 95.3646 95.3872 95.44 95.4836 95.5271 95.5604 95.4631 95.388 95.45 95.4272 95.62 95.5531 98.3285 99.5 100.58 101.885 102.095 100.959 97.9566 95.496 95.4619 95.4279 95.3908 95.4012 95.42 95.4262 95.52 95.45 95.3788 95.435 95.37 95.52 95.5 95.43 95.3282 95.3775 95.412 95.413 95.414 95.43 95.4159 95.51 95.4208 95.5329 95.6047 95.5868 95.5689 95.551 95.5332 95.4961 95.4918 95.5263 96.786 100.208 102.46 95.3431 95.4036 95.4264 95.3959 95.43
95.4348 95.4163 95.3745 95.3229 95.4133 95.4022 95.38 95.3274 95.3358 95.3442 95.48 95.4169 95.4651 95.5134 95.5494 95.4564 95.3987 95.3614 95.3766 95.5194 99.3433 100.152 100.671 101.221 101.377 102.262 103.293 99.5776 100.614 95.4927 95.4587 95.4223 95.4078 95.435 95.5 95.4453 95.3559 95.3297 95.3055 95.3562 95.5027 95.4395 95.3667 95.3312 95.3696 95.42 95.465 95.44 95.3794 95.43 95.4103 95.502 95.62 95.5985 95.5762 95.59 95.5002 95.4623 95.49 95.4962 95.59 98.947 102.339 102.645 95.47 95.3962 95.3641 95.4119 95.3988
95.4491 95.4306 95.3897 95.44 95.3791 95.44 95.2986 95.307 95.3154 95.3238 95.3501 95.405 95.4466 95.4949 95.5319 96.8 98.1133 95.3739 97.3225 98.9067 100.66 100.52 101.452 102.433 102.76 103.117 102.516 100.345 95.5576 95.5235 95.49 95.4539 95.45 95.4269 95.4394 95.361 95.3068 95.32 95.45 95.384 95.47 95.3669 95.3436 95.36 95.47 95.3644 95.3799 95.47 95.4108 95.4263 95.4936 95.5934 95.5944 95.5576 95.5209 95.4841 95.53 95.4106 95.48 95.5041 95.5847 102.82 103.74 101.535 100.305 100.45 95.3654 95.3496 95.3974
95.4633 95.4449 95.4023 95.3303 95.2583 95.2684 95.2838 95.36 95.295 95.3034 95.3316 95.3799 95.427 95.473 95.5038 98.13 98.0748 99.0633 98.4585 99.7261 100.035 101.345 101.635 102.763 102.714 102.559 101.94 101.342 100.897 97.7153 99.825 95.5 95.4478 95.4335 95.44 95.2839 95.42 95.3006 95.42 95.4569 95.48 95.3623 95.4129 95.48 95.48 95.45 95.47 95.4268 95.55 95.53 95.5802 95.6232 95.5772 95.5281 95.5433 95.52 95.4178 95.56 95.5 95.4828 99.5371 103.82 103.53 103.329 102.655 100.461 95.43 95.2874 95.3351
95.4776 95.4591 95.465 95.46 95.27 95.3 95.3276 95.3096 95.47 95.283 95.313 95.359 95.4049 95.4508 98.38 98.2533 98.5 99.74 99.948 100.905 101.696 101.967 103.28 102.693 102.69 101.921 101.262 100.055 98.5418 97.291 96.3477 95.517 95.53 95.4373 95.3151 95.2751 95.3523 95.4038 95.4508 95.53 95.36 95.348 95.4492 95.4538 95.3905 95.4166 95.4427 95.48 95.57 95.5579 95.6009 95.6439 95.5812 95.4986 95.4619 95.48 95.58 95.4445 95.464 95.464 103.48 104.05 104.52 104.48 103.792 103.085 102.702 95.2393 95.2514
95.4696 95.4257 95.4117 95.3306 95.35 95.316 95.3714 95.375 95.3353 98.2525 95.2909 101.01 95.41 98.06 98.1757 98.7167 99.4608 100.055 100.715 101.685 102.238 102.542 102.824 102.35 101.697 101.538 100.458 99.788 95.4804 95.495 95.5022 95.5013 95.4301 95.3523 95.275 95.3332 95.38 95.3769 95.4518 95.4354 95.3071 95.3322 95.48 95.51 95.4501 95.4178 95.4583 95.4896 95.5355 95.5786 95.6216 95.6646 95.5852 95.49 95.45 95.4271 95.4466 95.47 95.46 95.4476 103.31 103.697 104.517 104.636 104.225 103.441 102.49 102.37 102.195
95.3915 95.4 95.43 95.349 95.3334 95.3668 95.4003 95.3855 95.41 98.2129 101.54 98.93 98.085 98.682 98.715 99.17 100.545 100.718 101.544 102.332 102.96 102.858 102.756 101.787 100.8 100.626 100.174 97.9746 95.4472 95.4581 95.4673 95.453 95.4705 95.44 95.2788 95.3586 95.44 95.3142 95.375 95.3448 95.32 95.4 95.4205 95.5148 95.56 95.4877 95.5414 95.61 95.5347 95.5992 95.6423 95.6853 95.5891 95.65 95.4292 95.48 95.4682 95.4877 95.4495 95.4312 102.5 102.855 105.53 105.247 104.364 104.13 103.595 102.724 100.007
95.3133 95.3176 95.4074 95.42 95.407 95.4035 95.388 95.3887 95.3636 101.377 101.59 102.285 102.828 100.439 99.485 99.9923 101.051 101.346 102.533 102.621 102.624 103.2 102.359 100.558 99.935 97.9763 99.95 99.11 95.414 95.4249 95.42 95.405 95.4454 95.4218 95.44 95.44 95.4233 95.35 95.2982 95.2543 95.3469 95.4155 95.4724 95.5294 95.5898 95.6358 95.6857 95.6501 95.5053 95.5399 95.6439 95.71 95.5983 95.59 95.4039 95.4703 95.4898 95.5093 95.4393 95.4148 95.52 95.5 102.214 103.64 104.263 104.16 104.115 103.434 101.363
95.2352 95.2672 95.3596 95.4083 95.3923 95.3763 95.3661 96.909 99.3471 102.112 102.282 103.32 102.845 101.422 101.1 101.637 101.926 101.65 102.656 103.007 102.27 101.741 101.445 101.8 95.5039 95.5298 95.5239 95.495 95.39 95.39 95.336 95.3569 95.4257 95.44 95.44 95.4467 95.4422 95.3565 95.2708 95.3005 95.4008 95.4674 95.5116 95.5092 95.54 95.6992 95.8301 95.9 95.5929 95.64 95.5451 95.666 95.6146 95.5282 95.54 95.43 95.5038 95.531 95.55 95.3984 95.5121 96.534 101.586 101.904 104.245 104.32 104.52 103.94 102.841
95.3667 95.44 95.261 95.3358 95.3652 95.3492 99.2867 100.648 101.93 102.487 102.928 102.935 103.4 103.895 104.273 101.707 102.4 103.103 103.118 102.202 101.215 100.955 100.13 100.63 95.5032 95.5303 95.4864 95.3367 95.35 95.302 95.32 95.321 95.4089 95.44 95.4442 95.4568 95.4612 95.3754 95.34 95.3389 95.4513 95.4656 95.4632 95.4611 95.463 95.5791 96.39 96.4 96.265 95.6171 95.5525 95.6059 95.5545 95.5031 95.4516 95.3608 95.4132 95.5195 95.47 95.382 95.54 95.6093 95.6125 100.276 102.88 103.699 104.266 104.645 103.615
95.4327 95.3953 95.3284 95.36 95.2874 101.06 101.45 102.545 102.555 102.777 103.327 103.057 102.54 102.43 102.363 101.511 102.32 101.766 102.28 101.567 101.02 100.96 99.255 99.1167 98.5267 98.4867 95.54 95.45 95.2803 95.29 95.26 95.294 95.3824 95.4417 95.4543 95.4669 95.4795 95.3944 95.3244 95.3684 95.5579 95.6563 95.4147 95.4141 96.25 96.34 96.415 96.3016 95.8103 95.53 95.5811 95.5612 95.5072 95.4532 95.3992 95.45 95.3401 95.4566 95.4843 95.3618 95.55 95.5631 95.5889 98.5382 102.595 103.37 104.185 104.65 104.283
95.2865 95.4006 95.34 95.44 95.59 101.645 101.93 102.367 103.005 103.009 103.24 103.053 102.461 102.74 101.36 101.413 95.52 102.38 101.757 100.42 99.8148 99.3917 99.6167 98.1569 95.21 95.453 95.4465 95.3588 95.2711 95.2499 95.232 95.34 95.38 95.4005 95.449 95.477 95.4896 95.48 95.3547 95.452 95.6754 95.8728 95.7584 96.286 96.3313 96.4548 96.239 96.1017 95.598 95.5134 95.527 95.5223 95.4683 95.4143 95.3603 95.3372 95.3706 95.471 95.5068 95.4611 95.56 95.4899 95.5392 96.9016 98.555 102.75 102.55 103.305 103.652
95.1642 95.3674 95.36 96.675 101.85 101.38 102.095 102.965 103.31 103.14 102.663 102.627 101.996 101.805 95.293 95.37 95.447 95.5239 95.42 100.146 100.093 95.3843 100.33 96.6926 95.2613 95.3307 95.4001 95.3873 95.3398 95.3 95.33 95.239 95.3037 95.3366 95.3828 95.4313 95.486 95.46 95.3806 95.386 95.6137 95.8903 96.1585 96.2326 96.3081 96.0576 96.0369 95.8225 95.4975 95.4818 95.58 95.4834 95.4294 95.46 95.4 95.383 95.4164 95.4854 95.5292 95.55 95.438 95.4143 95.53 95.51 95.4488 95.4025 100.384 103.115 103.895
95.43 95.3582 95.383 97.8012 102.075 102.315 102.706 103.276 103.014 102.715 102.814 102.253 102.067 95.262 95.3169 95.3939 95.4709 95.5479 96.0919 95.66 99.265 95.475 95.48 95.37 95.2144 95.2781 95.3475 95.3738 95.3264 95.279 95.2316 95.2084 95.33 95.2741 95.3167 95.4026 95.4767 95.4517 95.4065 95.42 95.499 95.7792 96.0015 96.14 95.8349 95.67 95.5699 95.4766 95.56 95.4501 95.4344 95.5 95.3904 95.3619 95.3953 95.46 95.4622 95.4998 95.5517 95.506 95.48 95.49 95.3936 95.4374 95.4251 95.3788 101.005 102.41 101.048
95.411 98.61 95.3496 97.9199 102.065 102.765 103.435 103.29 102.643 102.4 101.95 102.04 102.17 95.365 95.37 95.4 95.4536 95.5628 95.6488 96.0363 96.1036 95.5018 95.4337 95.3749 95.2856 95.32 95.2949 95.3604 95.313 95.2656 95.23 95.2476 95.3077 95.4067 95.3094 95.4201 95.46 95.4283 95.4033 95.3968 95.5654 95.7075 95.7 95.67 95.438 95.4601 95.4802 95.4934 95.4717 95.59 95.54 95.387 95.3743 95.4077 95.54 95.4745 95.5079 95.5413 95.61 95.54 95.4013 95.3949 95.39 95.44 95.4014 95.3955 96.9889 95.49 99.605
98.56 98.15 95.3585 99.95 101.407 102.327 103.118 102.902 102.423 101.969 102.057 95.51 95.38 95.2462 95.2826 95.3189 95.3553 95.3864 95.45 95.4161 95.3509 95.3083 95.2658 95.3413 95.3568 95.29 95.3 95.3117 95.2996 95.2521 95.2047 95.36 95.4029 95.3658 95.287 95.4201 95.5005 95.4858 95.4712 95.4443 95.4174 95.5595 95.5924 95.4708 95.59 95.54 95.52 95.56 95.4861 95.4549 95.53 95.42 95.4053 95.4413 95.48 95.57 95.6 95.5851 95.5682 95.4306 95.4 95.3897 95.46 95.3856 95.392 95.4235 95.4899 95.5564 95.5724
99.165 95.3745 100.22 99.88 100.637 101.655 101.665 102.743 101.995 101.555 101.14 95.4639 95.345 95.32 95.37 95.3161 95.405 95.4018 95.4048 95.48 95.3149 95.2109 95.113 95.23 95.2725 95.3386 95.2493 95.29 95.29 95.2387 95.2357 95.3432 95.3929 95.33 95.3255 95.4286 95.5685 95.5759 95.5592 95.5244 95.4896 95.4549 95.5271 95.4712 95.6 95.4979 95.5111 95.5243 95.59 95.47 95.5 95.4115 95.4019 95.4629 95.4988 95.58 95.5707 95.6067 95.62 95.4182 99.1767 95.4524 95.4714 95.4778 95.54 95.4812 95.5166 95.5831 98.48
99.275 99.835 99.7614 100.68 100.655 99.8889 100.24 99.44 99.635 95.3 95.3934 95.38 95.38 95.2405 95.35 95.3469 95.4074 95.4108 95.3761 95.3654 95.3547 95.315 95.33 95.1909 95.35 95.35 95.32 95.2311 95.2727 95.2253 95.2835 95.3353 95.334 95.2932 95.3896 95.4861 95.5825 95.6659 95.73 95.6045 95.5698 95.5223 95.4758 95.4869 95.5001 95.58 95.5266 95.5398 95.5148 95.54 95.4525 95.52 95.53 95.4845 95.58 95.5564 95.5923 95.6283 100.32 100.46 95.4299 95.53 99.23 95.4591 95.5172 95.5692 95.5686 95.61 98.47
100.435 100.562 100.81 100.495 99.96 99.555 98.71 99.4155 101.32 95.2924 95.273 95.42 95.3 95.31 95.3173 95.3819 95.4175 95.4068 95.3961 95.3854 95.3746 95.364 95.3299 95.2994 95.2689 95.2384 95.33 95.2165 95.3 95.2239 95.2778 95.2944 95.2645 95.45 95.4538 95.5502 95.6442 95.71 95.6587 95.5975 95.5364 95.4811 95.53 95.54 95.5156 95.5288 95.542 95.5553 95.54 95.5 95.4717 95.53 95.4291 95.4867 95.542 95.578 95.6139 95.5941 98.525 95.54 98.2511 99.78 98.5997 99.71 99.1 95.4601 95.5389 98.58 98.45
