data/128.grd
ncols         128
nrows         128
xllcorner	618360
yllcorner	6754408
cellsize	 1
NODATA_value	-9999
[rows 60 to 89 of 128, columns 0 to 68 of 128]
95.0842 95.17 95.1769 95.2392 95.2858 95.2939 95.2633 95.31 95.2451 95.2453 95.2669 95.4069 95.538 95.6299 95.69 101.68 101.98 102.236 103.233 103.113 103.314 102.827 102.609 102.06 101.52 101.425 96.0579 96.06 95.9656 96.0073 96.085 96.0739 96.1055 96.0834 95.9884 95.8181 95.8553 95.9508 95.9615 95.9335 95.8861 95.8353 95.92 95.88 95.6952 95.8151 95.8895 95.9144 95.926 96.7192 95.87 97.9868 98.1316 98.2378 99.3921 100.795 96.07 100.697 101.77 101.238 100.143 99.705 95.9174 95.9554 95.906 95.844 95.93 95.5271 95.56
95.17 95.137 95.1992 95.2348 95.2362 95.278 95.2657 95.31 95.2133 95.1822 95.3 95.2613 95.4017 95.6012 95.7415 100.082 101.754 102.448 103.174 103.44 103.483 103.111 102.503 101.885 100.605 98.84 95.9986 95.9618 95.9481 95.9865 96.08 96.0709 96.1008 96.0006 96 95.91 95.7776 95.8278 95.902 95.8663 95.8489 95.8874 95.83 95.7458 95.6749 95.752 95.8603 95.8748 95.8863 95.8979 95.9095 95.89 95.8002 95.8695 95.93 98.8986 100.98 101.822 101.68 101.65 101.59 101.645 97.1041 95.8544 95.9046 95.9129 95.7611 95.64 95.4854
95.1208 95.1592 95.1839 95.24 95.1944 95.2435 95.2498 95.2374 95.2251 95.23 95.2109 95.272 95.3607 95.5132 98.0636 101.59 101.957 102.915 102.94 103.367 103.39 103.12 102.555 102.01 100.836 95.9871 95.964 95.9731 95.9669 95.9175 95.9689 96.0203 96.0831 95.9916 95.92 95.8371 95.82 95.81 95.8197 95.7929 95.735 95.7692 95.8077 95.8388 95.83 95.87 95.86 95.8292 95.8741 95.8826 95.89 95.87 95.77 95.8058 100.3 100.727 101.76 101.975 101.907 101.802 100.025 95.8273 95.85 95.7258 95.77 95.7411 95.6252 95.6293 95.56
95.1005 95.54 95.1369 95.23 95.1539 95.203 95.2339 95.2215 95.2092 95.2441 95.39 95.37 95.4641 95.53 99.3106 101.357 101.908 102.613 103.047 103.224 103.531 103.318 102.693 101.641 101.35 95.9662 95.9753 95.9845 95.9856 95.924 95.8999 95.9512 96.0309 95.9826 95.91 95.8465 95.7963 95.7461 95.7613 95.7239 95.6616 95.6511 95.6921 95.7767 95.8045 95.7367 95.75 95.7161 95.7923 95.8683 95.8376 98.4 98.815 95.7683 103.93 100.56 102.905 102.38 101.975 102 101.897 95.8813 99.622 95.7518 95.69 95.5662 95.5815 95.6024 95.5679
95.31 95.4365 95.3688 95.76 95.2547 95.2172 95.3 95.309 95.3704 95.4101 95.4172 95.4322 95.5158 95.664 101.36 100.232 101.42 102.61 103.12 102.371 103.375 103.127 102.305 100.545 101.73 96.0173 96.05 96.02 96.0043 96.02 95.8811 95.9367 95.9786 95.9736 95.9062 95.856 95.8058 95.7556 95.92 95.6652 95.6458 95.5966 95.6798 95.77 95.86 95.84 95.74 95.7 95.7464 95.8204 95.8218 101.905 102.177 102.6 104.12 104.2 102.915 102.469 102.052 101.615 100.922 101.885 98.1689 95.752 95.6377 95.67 95.5395 95.5754 95.5963
95.89 95.7626 95.8067 95.7094 95.4925 95.2944 95.3993 95.4964 95.5578 95.5761 95.6142 95.6358 95.6261 95.7081 95.9025 98.3115 100.951 100.285 96.0648 103.92 103.59 102.71 102.047 101.425 101.533 96.1284 96.0965 96.0464 96.0163 95.9667 95.9852 95.981 95.9263 95.97 95.9156 95.8742 95.849 95.8237 95.7985 95.7733 95.83 95.8 95.78 95.7572 95.8232 95.7567 95.696 95.6352 95.76 95.7724 95.85 99.4195 102.448 103.745 103.825 104.26 102.985 102.558 102.015 101.488 101.41 100.475 98.85 95.7121 95.65 95.518 95.55 95.5262 95.563
96.04 95.9162 95.8929 95.94 95.8714 95.92 95.676 95.6692 95.82 95.7513 95.88 95.7076 95.7229 95.7588 95.9532 95.9621 96.9803 96.8978 96.1044 98.3337 99.7112 98.9109 98.2171 98.2248 97.5656 95.9797 95.9559 95.9321 95.9401 95.951 95.9602 95.9771 95.9537 95.9359 95.9242 95.9126 95.901 95.8894 95.8777 95.8661 95.8545 95.787 95.69 95.7496 95.8325 95.8067 95.7093 95.65 95.6542 95.77 95.7902 101.655 102.26 103.268 103.777 103.164 103.42 102.25 101.495 100.905 100.584 100.107 97.9995 95.6643 95.59 95.4939 95.4395 95.4763 95.513
96.0257 95.9809 96.04 96.0222 96.13 96 96.04 95.98 95.845 95.89 95.8012 95.9 95.83 95.838 95.9692 96.03 95.9311 96.1097 96.1439 96.078 95.9789 95.9296 96.007 95.9292 95.8548 95.831 95.812 95.8252 95.8384 95.8509 95.8601 95.8968 95.8734 95.8612 95.8496 95.838 95.8263 95.8147 95.8125 95.87 95.8344 95.7954 95.6929 95.7252 95.8017 95.7423 95.6829 95.6236 95.6167 95.6765 95.7468 95.68 98.7017 103.29 99.6618 101.393 103.07 100.5 102.385 100.995 100.799 99.335 98.6666 95.594 95.6281 99.46 95.71 95.4107 95.4033
96.0747 96.0257 96.0605 96.0974 96.1207 96.0821 96.0434 96.0048 95.9625 95.8949 95.97 95.8984 95.9166 95.9349 95.9849 95.96 95.84 95.9737 96.0174 95.8477 95.7846 95.8751 95.8843 95.8066 95.7288 95.6972 95.7103 95.7235 95.75 95.7498 95.7692 95.8165 95.7982 95.7866 95.775 95.769 95.78 95.791 95.8019 95.8129 95.8239 95.7963 95.6947 95.6911 95.7282 95.6689 95.68 95.6162 95.68 95.6452 95.6989 95.7081 95.7134 95.7206 95.7279 95.7663 95.7997 95.7884 99.0803 101.624 101.715 101.885 100.278 100.41 98.925 97.6273 95.75 95.5131 95.4834
95.9944 96.02 95.9345 96.06 96.087 96.0966 96.1062 96.1148 96.15 96.11 95.977 95.9942 96.0018 96.0094 95.9787 95.8756 95.7724 95.7922 95.7909 95.8046 95.7722 95.6512 95.7479 95.7842 95.77 95.719 95.7129 95.7069 95.7008 95.6832 95.6906 95.77 95.7255 95.7365 95.7475 95.7585 95.7694 95.7804 95.7914 95.8024 95.8134 95.7972 95.72 95.657 95.6548 95.72 95.6156 95.6259 95.6362 95.6464 95.6743 95.7021 95.7093 95.7166 95.7238 95.731 95.7611 95.728 96.8533 100.595 101.941 101.805 101.72 101.408 101.348 101.8 95.7056 95.6393 95.64
95.9729 96.06 96.11 95.9392 96.0154 96.0526 96.0621 96.0717 96.1104 96.05 95.8772 95.882 95.8895 95.8971 95.8605 95.7672 95.7395 95.8 95.7987 95.7973 95.6783 95.5486 95.6023 95.756 95.7484 95.7286 95.7087 95.8 95.6691 95.6941 95.7115 95.6997 95.7139 95.726 95.737 95.7479 95.7589 95.7699 95.7809 95.7918 95.8028 95.7981 95.6973 95.6228 95.6049 95.63 95.64 95.71 95.68 95.6712 95.5954 95.5296 95.6359 95.67 95.6713 95.7104 95.713 95.685 95.657 102.37 101.903 101.913 101.769 101.4 101.5 99.6002 98.575 95.6605 95.6
96.025 96.0189 95.9917 96.04 96.01 96.03 96.0181 96.0636 96.15 95.9289 96.03 95.7724 95.7773 95.7849 95.7316 95.6588 99.18 95.7802 95.8064 95.7831 95.6467 95.6131 95.6833 95.7462 95.7145 95.6946 95.6748 95.655 95.6843 95.7193 95.7324 95.6883 95.6934 95.7114 95.7243 95.7373 95.7484 95.7594 95.7703 95.7813 95.7923 95.799 95.6982 95.6343 95.6555 95.6754 95.6952 95.7017 95.6671 95.6325 95.64 95.4306 95.6305 95.561 101.685 99.6756 103.23 103.485 100.857 103.1 102.435 102.11 101.84 101.76 99.98 101.735 95.748 95.71 95.619
95.9349 96.0685 96.0413 96.0142 95.9871 95.96 96.03 96.1103 96.21 95.9034 95.7731 95.7204 95.6676 95.6673 95.6151 95.6359 100.975 95.7563 99.0925 95.82 95.7112 95.6776 95.7644 95.7023 95.6805 95.6607 95.6408 95.68 95.7138 95.7402 95.7265 95.6775 95.6596 95.6959 95.7089 95.7218 95.7347 95.7477 95.7598 95.7708 95.7818 95.7927 95.6991 95.714 95.76 95.7321 95.6975 95.663 95.6284 95.5938 95.6167 95.56 95.578 95.53 98.341 101.77 102.42 103.318 103.775 103.233 102.675 102.072 101.734 101.348 101.575 99.095 95.7692 95.78 95.6629
96.0464 96.118 96.14 96.0638 96.0318 95.9945 96.0661 96.1582 96.1138 95.8861 95.7211 95.6683 95.73 95.5825 95.5857 95.6242 100.593 95.7421 100.32 95.8093 101.86 101.785 95.8159 103.937 100.17 95.73 95.6647 95.704 95.7432 95.7611 95.7157 95.6667 95.6403 95.6621 95.6934 95.7063 95.7193 95.7322 95.7451 95.7581 95.771 95.7822 95.78 95.7284 95.705 95.6695 95.6588 95.6243 95.5897 95.575 95.5205 95.4387 95.4732 95.5175 97.4113 101.248 103.088 103.447 104.025 103.36 102.47 101.925 101.21 101.037 101.46 98.7712 95.7398 95.717 95.6682
96.1579 96.19 96.1327 96.0986 96.11 96.0255 96.1176 96.2283 96.1319 95.8364 95.6794 95.6406 95.6017 95.67 95.5563 98.93 95.6708 101.645 99.385 95.8055 95.8402 98.24 95.87 95.6325 95.6157 95.7 95.6942 98.135 95.7689 95.7539 95.7049 95.6559 95.6266 95.6283 95.6646 95.6909 95.7038 95.7167 95.7297 95.7426 95.7555 95.7497 95.7066 95.6199 95.5611 95.5544 95.5475 95.5407 95.5339 95.5164 95.55 95.4427 95.4727 95.55 95.5751 102.07 102.862 103.43 103.86 103.05 101.168 101.925 100.202 100.81 99.9775 98.2187 97.79 95.6677 95.6393
96.1758 96.1546 96.14 96.1121 96.0893 96.0769 96.1829 96.3275 96.4388 95.7544 95.69 95.65 95.5877 95.5488 95.5418 100.157 95.6269 99.715 103.78 95.7625 103.683 95.8666 100.984 95.6059 95.6451 95.6844 95.7236 95.7629 95.7897 95.7431 95.6941 95.6451 95.613 95.5945 95.6308 95.6671 95.6883 95.7013 95.7142 95.7271 95.6871 95.715 95.6979 95.63 95.5571 95.5457 95.5297 95.5092 95.4887 95.5 95.4478 95.4179 95.48 95.5302 95.5814 96.8517 98.2687 98.3328 95.76 97.758 95.48 100.692 98.65 95.46 97.0863 96.4979 95.5755 95.5862 95.5954
96.1221 96.1151 96.1112 96.1073 96.1034 96.1375 96.2821 96.4267 96.5714 96.7 95.6504 95.63 95.64 95.5303 95.5127 95.5408 95.5829 103.64 95.6675 100.69 95.7716 95.772 98.52 95.6028 95.68 95.7138 95.7531 95.7923 95.7813 95.7323 95.6833 95.6344 95.5994 95.5808 95.597 95.6333 95.72 95.6858 95.6963 95.6406 95.6301 95.6803 95.6891 95.6025 95.5942 95.585 95.65 95.5587 95.5442 95.5237 95.5032 95.555 95.45 95.4779 95.5342 95.5904 95.6466 95.6929 95.6555 95.5499 95.4444 96.7223 96.6138 95.4607 95.4716 95.4825 95.4933 95.5042 95.45
96.1194 96.1172 96.1131 96.1089 96.1048 96.1681 96.2935 96.4614 96.6293 96.3191 95.8533 95.5913 95.55 95.5086 95.5039 95.5105 100.54 99.2 95.6245 100.135 101.587 100.78 101.98 99.69 95.6593 95.7286 95.7825 95.83 95.7705 95.7215 95.6726 95.6236 95.5858 95.5672 95.5631 95.5995 95.6358 95.68 95.5942 95.5451 95.5953 95.6456 95.6804 95.67 95.6313 95.66 95.6111 95.598 95.5848 95.5717 95.5586 95.4839 95.3768 95.43 95.4818 95.538 95.577 95.6031 95.5796 95.4766 95.4062 95.4305 95.3728 95.3788 95.3897 95.4005 95.4113 95.4221 95.2135
96.1172 96.1192 96.14 96.13 96.1093 96.1753 96.2969 96.4318 96.79 96.294 95.9241 95.5696 95.5282 95.4958 95.495 95.61 102.14 102.54 98.1933 95.6057 95.5975 102.315 95.6073 98.4833 95.6772 95.7376 95.7979 95.7987 95.7598 95.7108 95.6618 95.6128 95.5722 95.5536 95.64 95.5656 95.6162 95.6444 95.52 95.57 95.557 95.6018 95.6466 95.6473 95.6473 95.6513 95.6172 95.5862 95.58 95.5243 95.4732 95.4472 95.4125 95.49 95.4294 95.4612 95.4873 95.5134 95.4931 95.4034 95.3723 95.4507 95.3978 95.3401 95.3077 95.3186 95.3294 95.3402 95.2148
96.1151 96.117 96.119 96.118 96.1138 96.1819 96.3062 96.528 96.6602 96.3648 95.9949 95.6251 95.5065 95.487 95.4862 101.08 97.04 95.509 95.5392 102.42 95.69 102.27 102.87 95.6585 95.7008 95.7452 95.6663 95.6099 95.6219 95.6431 95.651 95.64 95.58 95.64 95.655 95.5365 95.5527 95.5689 95.59 95.4434 95.4492 95.494 95.533 95.5331 95.5559 95.5859 95.5267 95.53 95.4644 95.4102 95.4053 95.4108 95.53 95.5 95.3453 95.46 95.48 95.4236 95.4066 95.3301 95.3383 95.415 95.4229 95.3652 95.33 95.35 95.2475 95.1911 95.2591
96.1129 96.1149 96.1168 96.1188 96.1183 96.1885 96.3649 96.4287 96.43 96.2579 96.0493 95.6959 95.4847 95.4782 95.56 99.255 97.23 95.525 104.05 98.0033 95.6552 95.67 95.5852 95.6502 95.6878 95.66 95.5715 95.69 95.62 95.553 95.5516 95.58 95.5739 95.6652 95.54 95.56 95.52 95.58 95.4408 95.4123 95.415 95.56 95.4274 95.4575 95.51 95.5175 95.5031 95.59 95.4045 95.53 95.4489 95.4711 95.4447 95.5 95.4045 95.3946 95.5 95.3749 95.3781 95.435 95.3043 95.3794 95.448 95.3902 95.3325 95.2748 95.2201 95.2567 95.1665
96.1155 96.1167 96.1179 96.1191 96.18 96.3176 96.5768 96.65 96.1732 96.0546 95.8553 95.6467 95.4702 95.6 95.4716 95.4725 95.4735 97.235 97.4325 95.6701 95.6215 95.559 95.5325 95.6008 95.669 95.6877 95.7 95.61 95.5489 95.5474 95.5459 95.5823 95.6361 95.72 95.4936 95.4833 95.53 95.4451 95.4218 95.4209 95.5108 95.5547 95.4553 95.51 95.52 95.4492 95.58 95.42 95.4404 95.4696 95.4925 95.5147 95.5143 95.4903 95.4805 95.535 95.471 95.48 95.4751 95.4043 95.2918 95.3437 95.4357 95.46 95.3576 95.3298 95.37 95.2041 95.1867
96.1186 96.1198 96.1184 96.15 96.17 96.4476 96.5849 96.241 95.8815 95.7388 95.7132 95.69 95.5343 95.4806 95.4815 101.85 95.4841 98.685 95.4908 95.5328 95.5205 95.61 95.5487 95.61 95.6221 95.6892 95.6876 95.73 95.5432 95.5418 95.5942 95.6481 95.6904 95.5617 95.4819 95.57 95.4614 95.4411 95.56 95.49 95.59 95.5866 95.4986 95.4775 95.53 95.4427 95.4253 95.4385 95.4677 95.4969 95.5261 95.5554 95.5805 95.6 95.5678 95.5511 95.5344 95.5177 95.57 95.4351 95.42 95.39 95.3754 95.4386 95.4068 95.375 95.3557 95.2516 95.33
96.1173 96.1153 96.1134 96.1114 96.3 96.5048 96.4973 96.1547 95.7804 95.5263 95.6011 95.7096 95.6206 95.4904 95.5 97.925 99.295 100.275 95.497 95.5142 95.5333 95.5408 95.567 95.6038 95.6405 95.6773 95.714 95.6737 95.5858 95.5153 95.53 95.4993 95.4913 95.4806 95.4703 95.58 95.4498 95.48 95.42 95.4988 95.5744 95.5925 95.5525 95.58 95.54 95.4824 95.61 95.4428 95.56 95.5013 95.532 95.5628 95.5935 95.5915 95.5748 95.5581 95.5414 95.5248 95.4817 95.4285 95.49 95.2602 95.32 95.3384 95.3543 95.3225 95.3153 95.309 95.2271
96.1123 96.1103 96.1083 96.1524 96.4247 96.4172 96.4098 96.0683 95.6941 95.5492 95.4826 95.5735 95.6804 95.69 95.4999 95.4994 100.78 95.59 100.76 95.5251 95.5443 95.5536 95.5854 95.6221 95.6589 95.6815 95.6587 95.71 95.6027 95.4773 95.56 95.4613 95.4732 95.5099 95.4888 95.5 95.446 95.4279 95.5 95.57 95.6067 95.5984 95.6016 95.61 95.5379 95.5032 95.4685 95.4614 95.4705 95.54 95.5319 95.5627 95.5934 95.5985 95.5818 95.5651 95.5485 95.5219 95.4687 95.4154 95.3622 95.2725 95.2294 95.2297 95.2999 95.3133 95.485 95.2716 95.28
96.1072 96.1053 96.1033 96.2824 96.3371 96.3297 96.3222 95.982 95.6387 95.5721 95.5055 95.4461 95.5506 95.4416 95.5042 95.5038 100.18 95.5064 95.53 95.5376 98.88 95.58 100.74 98.955 95.6145 95.5917 95.5688 95.5763 95.6195 95.57 95.4314 95.53 95.5338 95.5426 95.5238 95.5024 95.5 95.4504 95.4537 95.5437 95.601 95.6043 95.6075 95.591 95.5563 95.5216 95.4869 95.48 95.59 95.5011 95.5318 95.57 95.5933 95.6042 95.5889 95.5722 95.5555 95.5088 95.4556 95.4024 95.3491 95.2936 95.3428 95.55 95.456 95.4211 95.3885 95.41 95.32
96.1022 96.1002 96.1348 96.257 96.2496 96.2421 96.2346 95.8957 95.6616 95.595 95.5284 95.4618 95.403 95.4072 95.5086 101.02 95.5077 100.405 101.702 101.96 95.5657 100.9 95.5703 101.25 95.5246 95.5018 95.56 95.4761 95.5337 95.5304 95.4642 95.5338 95.5665 95.5752 95.5588 95.5374 95.5019 95.4607 95.4455 95.5341 95.5131 95.449 95.523 95.6095 95.5746 95.5399 95.5052 95.4986 95.5057 95.5127 95.5317 95.5625 95.5932 95.6055 95.5959 95.5792 95.549 95.4958 95.45 95.39 95.3444 95.3348 95.4642 95.6002 95.5624 95.529 95.4961 95.4026 95.44
96.0959 96.0952 96.1769 96.1695 96.162 96.1545 96.147 95.8094 95.6845 95.6179 95.5513 95.4529 95.4706 95.48 95.479 99.7 95.5157 98.5833 95.61 95.5604 102.74 98.31 98.315 102.13 95.4556 95.4315 95.4074 95.4486 95.53 95.4813 95.582 95.6 95.5991 95.6079 95.63 95.5534 95.5122 95.5 95.4427 95.5124 95.455 95.51 95.4859 95.5913 95.593 95.5583 95.5236 95.5172 95.59 95.5313 95.61 95.5624 95.5931 95.6068 95.6029 95.5863 95.536 95.4827 95.446 95.4364 95.3948 95.43 95.5026 95.6283 95.74 95.6075 95.514 95.49 95.327
95.9197 96.0968 96.0894 96.0819 96.0744 96.0669 96.0595 101.935 95.7074 95.631 95.4843 95.5458 100.555 100.5 95.51 95.52 95.5282 99.64 98.115 98.4767 102.07 95.5209 95.4598 100.165 95.3972 95.45 95.4574 95.5198 95.53 95.3829 95.4544 95.5025 95.4959 95.5442 95.6303 95.6073 95.5516 95.4958 95.54 95.51 95.4847 95.4856 95.4953 95.5542 95.6121 95.5767 95.542 95.5358 95.5428 95.58 95.557 95.564 95.593 95.608 95.6091 95.61 95.5471 95.4984 95.47 95.49 95.42 95.4023 95.65 95.85 95.7026 95.5969 95.5 95.3991 95.3001
95.9062 96.073 96.0673 96.0098 95.9868 95.9794 99.305 98.1167 98.79 101.25 100.515 102.425 95.5876 102.44 102.8 101.655 95.5092 95.5023 95.55 99.705 95.52 98.335 95.4424 100.58 95.3956 95.58 98.3 95.5777 95.5759 95.5208 95.505 95.46 95.4614 95.4961 95.5308 95.5655 95.6503 95.6776 95.6267 95.73 95.5143 95.5153 95.5188 95.544 95.6226 95.595 95.57 95.5544 95.5614 95.5685 95.5756 95.5826 95.5929 95.61 95.6072 95.5676 95.52 95.4557 95.407 95.3582 95.3094 95.5 95.6908 95.7645 95.728 95.5711 95.47 95.42 95.372
