data/128.grd
ncols         128
nrows         128
xllcorner	618360
yllcorner	6754408
cellsize	 1
NODATA_value	-9999
[rows 30 to 59 of 128, columns 0 to 68 of 128]
95.73 95.6711 95.6748 95.6648 95.6576 95.6914 95.7253 95.7591 95.7929 95.8425 95.9035 95.9644 95.92 95.7539 95.7989 95.8439 95.8889 95.9025 95.9023 95.902 95.8709 95.8743 95.8943 95.9143 95.9342 95.9733 96.0293 96.0854 96.1415 96.1975 96.2583 96.3126 96.3669 96.4211 96.34 96.3041 96.3081 96.3139 96.31 96.18 96.2 96.0871 96.2068 99.1959 102.51 102.379 103.125 103.57 104.153 104.121 103.425 102.502 102.237 102.06 102.41 96.1421 96.28 96.2303 96.32 96.223 96.21 96.0903 96.0253 97.4675 96.035 95.8303 97.1728 97.8164 96.9918
95.7305 95.7057 95.6722 95.6387 95.725 95.6952 95.729 95.7628 95.7966 95.8304 95.8643 95.8937 95.9061 95.7706 95.765 95.7595 95.7539 95.7484 95.7428 95.7693 95.7709 95.7909 95.8109 95.8308 95.8508 95.8824 95.9385 95.9945 96.0506 96.1333 96.2756 96.3415 96.3957 96.45 96.2936 96.2463 96.2728 96.3055 96.2861 96.1609 96.16 96.0786 96.1848 97.9931 102.03 101.99 102.158 103.802 104.68 104.322 103.597 102.825 102.4 102.17 101.44 102.635 96.31 96.3346 96.2773 96.26 96.2016 96.23 96.2 95.9697 95.95 95.8151 95.9 95.69 95.6142
95.7131 95.6796 95.685 95.6313 95.6652 95.699 95.7328 95.7666 95.8004 95.8324 95.8556 95.8787 95.9019 95.7922 95.7867 95.7811 95.7756 95.77 95.7645 95.7037 95.7151 95.7075 95.7275 95.7474 95.7674 95.7916 95.8476 95.9037 95.9712 96.0855 96.2821 96.3538 96.4246 96.4789 96.435 96.2309 96.31 96.36 96.3085 96.3 96.0722 96.086 96.1695 96.2825 96.3537 99.5592 100.863 99.12 102.755 104.095 103.36 102.655 102.521 102.547 100.648 96.4 96.3793 96.3798 96.35 96.2021 96.26 96.1661 96.0888 96.0116 95.9343 95.857 95.7797 95.7024 95.5935
95.6722 95.6535 95.6201 95.66 95.6689 95.7027 95.7365 95.7704 95.7942 95.8174 95.8406 95.8637 95.8869 95.8401 95.8083 95.8028 95.7972 95.7917 95.7193 95.6846 95.7036 95.6783 95.653 95.664 95.684 95.7039 95.7568 95.8129 95.9234 96.0378 96.2887 96.3603 96.4319 96.5036 96.3407 96.2174 96.2542 96.34 96.3213 96.2076 96.1006 96.0935 96.1769 96.2605 96.3398 97.0358 97.9851 98.7388 102.233 101.4 102.59 102.24 102.47 102.39 102.588 96.3768 96.3762 96.3346 96.1936 96.1991 96.33 96.28 96.21 96.0534 95.9761 95.8864 95.7755 95.6646 95.5906
95.6286 95.63 95.63 95.6389 95.6727 95.7065 95.7329 95.7561 95.7793 95.8024 95.8256 95.8488 95.8719 95.8951 95.83 95.8244 95.8189 95.7349 95.6167 95.6786 95.692 95.6668 95.73 95.6162 95.605 95.66 95.6659 95.7613 95.8757 95.9901 96.2952 96.3669 96.4385 96.44 96.3434 96.2039 96.2433 96.2775 96.3128 96.32 96.21 96.1009 96.2247 96.37 96.3472 96.4028 96.4585 96.521 96.55 101.855 102.653 102.752 102.29 102.293 102.185 96.335 96.2949 96.31 96.1995 96.1969 96.2017 96.2072 96.1725 96.0683 95.9575 95.8466 95.7357 95.67 95.6021
95.5849 95.6014 95.695 95.6426 95.6716 95.6948 95.7179 95.7411 95.7643 95.7874 95.8106 95.8338 95.8569 95.8801 95.8516 95.8461 95.7505 95.6323 95.5517 95.6727 95.69 95.6552 95.71 95.64 95.5794 95.64 95.5992 95.7136 95.828 95.9424 96.3018 96.3734 96.3455 96.2914 96.2372 96.1907 96.228 96.2654 96.2987 96.3228 96.26 96.33 96.3647 96.3375 96.3795 96.4351 96.4908 96.5376 98.7782 102.072 102.81 102.555 102.221 101.315 96.4594 96.57 96.52 96.35 96.2662 96.2214 96.29 96.2082 96.21 96.0491 95.9177 95.8068 95.6959 95.585 95.6217
95.6009 95.605 95.6103 95.6334 95.6566 95.6798 95.7029 95.7261 95.7493 95.7725 95.7956 95.8188 95.842 95.8651 95.88 95.766 95.6479 95.58 95.5457 95.6667 95.6705 95.6466 95.6227 95.5988 95.5837 95.6081 95.6337 95.72 95.7802 95.8998 96.3084 96.31 96.2599 96.2336 96.2073 96.29 96.28 96.2446 96.318 96.3373 96.3321 96.31 96.3605 96.3561 96.4118 96.4637 96.5067 96.5497 104.243 103.763 104.105 103.58 101.827 101.627 100.58 100.09 96.4704 96.4014 96.3329 96.33 96.2432 96.2098 96.1794 96.0956 95.951 95.8064 95.6618 95.645 95.6414
95.5944 95.5834 95.62 95.614 95.6368 95.6597 95.6826 95.7055 95.7283 95.7512 95.7741 95.797 95.8198 95.8427 95.6999 95.5964 95.53 95.4559 95.5099 95.6132 95.6388 95.645 95.64 95.6481 95.6725 95.697 95.7214 95.7208 95.7184 95.8219 96.2115 96.2883 96.2624 96.26 96.23 96.22 96.1905 96.27 96.3569 96.3517 96.3466 96.2987 96.3564 96.3884 96.4329 102.11 99.9697 103.428 102.933 103.865 103.41 102.42 101.996 101.743 100.581 96.516 96.5018 96.471 96.402 96.46 96.2853 96.1562 96.1685 96.1368 95.9975 95.8529 95.7092 95.6205 95.7
95.6 95.6349 95.6177 95.6005 95.6115 95.6344 95.6573 95.6802 95.703 95.7259 95.7488 95.7717 95.7945 95.7048 95.5197 95.52 95.5113 95.4997 95.53 95.5468 95.5713 95.6191 95.604 95.6147 95.6254 95.6361 95.64 95.5327 95.6219 95.775 96.0524 96.3 96.2698 96.34 96.27 96.25 96.1659 96.2383 96.3714 96.3662 96.3045 96.3053 96.3507 96.402 96.4449 98.9292 103.135 103.875 103.798 104.5 103.98 102.834 102.252 102.094 102.13 102.07 96.51 96.4806 96.4641 96.35 96.2005 96.14 96.17 96.0997 96.0439 95.9061 95.7868 95.785 95.6715
95.5249 95.6768 95.74 95.652 95.6349 95.6177 95.632 95.6548 95.6777 95.7006 95.7235 95.7464 95.7199 95.5536 95.5133 95.5265 95.59 95.61 95.55 95.4793 95.538 95.6037 95.5357 95.5388 95.5495 95.5246 95.61 95.5266 95.6089 95.7174 95.8846 96.1763 96.2787 96.29 96.28 96.1928 96.1581 96.2787 96.4 96.3383 96.3669 96.3424 96.3183 96.3538 96.457 97.9164 102.913 103.135 102.146 103.664 103.162 102.724 102.215 102.282 101.255 96.4831 96.4111 96.3449 96.3146 96.2691 96.1192 96.16 95.9502 95.8668 96.0547 95.9033 95.8097 95.7086 95.5259
95.6268 95.706 95.7207 95.7036 95.6864 95.6692 95.652 95.6348 95.6524 95.6753 95.6982 95.721 95.5876 95.5472 95.5069 95.4666 95.5542 95.5738 95.54 95.4626 95.5246 95.5762 95.54 95.4628 95.4579 95.4605 95.4914 95.5223 95.62 95.7738 95.9382 96.05 96.2089 96.2628 96.27 96.1946 96.21 96.2595 96.3831 96.3586 96.3341 96.3096 96.2901 96.3118 96.3898 96.4997 98.3207 96.48 101.4 101.24 102.403 102.495 102.563 102.413 102.327 102.44 96.3611 96.286 96.2109 96.1358 96.0589 96.14 96.0246 96.0141 96.11 95.9 95.6457 95.5163 95.4265
95.7212 95.75 95.7348 95.7253 95.7158 95.7062 95.6967 95.6863 95.6691 95.6519 95.6728 95.66 95.5812 95.5406 95.4984 95.4562 95.4486 95.52 95.52 95.47 95.53 95.5589 95.5301 95.58 95.4253 95.4562 95.59 95.518 95.5841 95.8303 96.0013 96.0912 96.1811 96.2602 96.2306 96.1899 96.1492 96.1928 96.3188 96.3258 96.3014 96.2769 96.2619 96.2836 96.36 96.4259 96.5358 96.61 96.653 99.5405 102.31 102.47 102.147 102.249 100.925 99.95 96.311 96.2359 96.32 96.11 96.21 96.1145 96.1201 96.1256 95.962 95.7893 95.76 95.49 95.4124
95.7395 95.7467 95.7372 95.7276 95.7181 95.7086 95.6991 100.543 95.68 100.102 95.6582 95.6119 95.5651 100.26 95.4807 95.44 95.3963 95.4309 95.3951 95.4489 95.54 95.5306 95.5715 95.51 95.406 95.53 95.4783 95.5136 95.6304 95.8677 95.9885 96.0292 96.0698 100.11 96.2288 96.1852 96.1446 96.126 96.2328 96.278 96.2686 96.27 96.2337 96.35 96.2771 96.3522 96.462 96.5718 96.6651 96.68 102.365 102.787 102.308 101.911 98.1675 96.3307 96.36 96.295 96.1395 96.1544 96.1491 96.1461 96.1516 96.1074 95.8858 95.91 95.895 95.4756 95.4087
95.7578 95.749 95.7395 95.73 95.7205 95.7109 95.6979 98.5074 99.8254 99.3549 100.783 95.63 97.1724 95.5185 99.6 100.44 95.3785 100.443 95.3798 95.416 95.49 95.4851 95.5197 100.18 95.49 95.4209 95.4564 95.4867 95.5315 95.7477 95.8423 95.883 96.0149 100.066 96.2294 96.1858 96.1422 96.195 96.1468 96.22 96.2358 96.29 96.2055 96.2272 96.35 96.2784 96.3882 101.32 96.6384 101.885 102.125 102.255 102.545 100.64 96.3345 96.28 96.2108 96.19 96.1847 96.193 96.1873 96.1817 96.1831 96.22 95.94 95.8147 95.7217 95.62 95.43
95.77 95.7514 95.7414 95.7281 95.7147 95.7013 98.33 101.477 101.215 101.077 100.318 99.6898 100.896 99.1487 99.7752 100.169 100.897 99.6541 100.531 100.663 100.8 95.433 100.705 99.1985 100.565 100.293 96.3995 95.4529 95.4832 95.6277 95.6961 95.8218 100.485 96.1037 96.2301 96.1864 96.1428 96.2 96.1354 96.25 96.16 96.1786 96.1773 96.199 96.2207 96.3 102.25 102.325 101.808 104.05 104.13 103.93 102.52 102 101.127 96.2292 96.2 96.215 96.2299 96.2312 96.2255 96.22 96.2146 96.0194 95.8119 95.7226 95.6221 95.4924 95.44
95.82 95.7448 95.7315 95.7181 95.7047 95.6914 98.329 101.175 101.94 101.825 101.751 101.77 101.671 101.471 101.36 101.373 101.22 101.683 101.317 101.05 100.371 100.647 101.135 100.985 100.842 100.679 96.563 95.4573 95.4572 95.58 95.6287 95.7697 95.9106 96.0516 99.51 99.3767 96.1436 96.23 96.19 96.26 96.1772 96.1582 96.1564 96.1839 96.2113 96.31 100.155 102.413 102.707 103.75 103.808 103.2 102.79 101.919 100.884 100.652 99.845 96.2601 96.32 96.2694 96.2637 96.2014 96.1427 96.054 95.8886 96.03 95.6912 95.4931 95.4338
95.7482 95.7349 95.7215 95.7081 95.6948 95.6814 102.47 102.165 102.021 102.17 102.055 101.875 102.201 102.137 101.922 102.043 101.73 101.625 101.893 101.82 101.487 101.613 101.357 101.08 101.34 101.268 96.8286 95.5069 95.5068 95.56 95.6318 95.74 100.24 99.9 96.1404 96.2 96.1521 96.12 96.145 96.245 96.15 96.22 96.22 96.186 96.2134 96.2408 102.057 102.35 103.555 103.953 104.407 102.94 102.717 102.09 101.755 101.97 100.767 96.2803 96.306 96.233 96.1601 96.0871 96.0501 96.0421 96.01 95.89 95.6621 95.5207 95.6
95.7591 95.7249 95.7115 95.6982 95.6848 95.6714 99.0615 102.12 102.022 102.175 102.485 102.003 101.931 102.455 102.374 102.121 102.317 102.054 101.948 102.007 101.933 102.044 102.105 101.964 102.425 100.76 100.01 95.57 95.5803 95.5991 95.6998 95.808 95.9162 99.7767 99.89 96.1868 96.1559 96.1249 96.1055 96.15 96.1897 96.2173 96.2052 96.1931 96.2154 97.7094 101.19 102.5 102.209 103.538 103.438 103.33 102.7 102.22 101.972 101.904 102.29 96.262 96.2613 96.1239 95.9866 96.04 95.9481 96.01 95.9555 95.8462 95.79 95.62 95.4861
95.7717 95.7207 95.7016 95.6882 95.6748 95.6615 98.5926 101.49 101.477 101.725 101.96 101.801 101.63 101.42 102.027 101.777 102.177 102.17 102.16 101.955 102.412 102.054 102.357 102.407 101.382 99.435 98.4749 95.5072 98.534 95.6597 95.7861 98.62 98.55 96.156 96.2706 96.36 96.1376 96.18 96.1061 96.1321 96.1188 96.155 96.1569 96.2225 96.2175 96.23 98.0721 99.2069 99.565 99.87 104 103.44 102.79 102.36 102.081 102.295 98.8626 96.2431 96.2436 96.1165 95.9902 95.9264 95.8632 95.8655 95.8678 95.91 95.6289 95.5711 95.62
95.7843 95.7333 95.6916 95.6782 95.6649 95.6515 98.3086 100.975 100.95 101.29 101.336 101.387 101.477 101.61 101.461 101.09 101.57 101.615 101.669 101.83 101.854 101.715 101.667 101.62 101.209 100.974 98.87 98.99 98.9217 98.92 99.07 98.87 99.06 98.9533 99.0233 96.29 96.165 96.0738 96.09 96.0289 96.14 95.9971 96.0125 96.12 96.2061 96.2304 96.2706 96.2296 97.5297 100.136 102.081 102.523 102.391 102.241 101.967 101.952 96.1577 96.2024 96.2029 96.109 96.0116 95.9478 95.884 95.8203 95.7829 95.73 95.73 95.5844 95.5291
95.7969 95.7458 95.6948 95.6683 95.6549 95.6266 97.8083 100.443 100.442 100.418 100.802 100.807 100.368 100.902 100.924 100.94 101.17 101.149 100.83 101.11 101.388 101.26 101.72 101.49 101.253 101.255 100.022 98.6331 95.7085 95.7848 99.31 99.15 96.176 96.3087 96.28 99.4 96.29 96.0898 96.095 96.19 96.1054 96.12 96.0919 96.148 96.1713 96.1893 96.2009 96.1538 96.1127 97.4619 101.24 101.41 102.063 102.007 101.865 96.1739 96.25 96.1616 96.1622 96.13 96.0331 96.09 95.99 96.01 95.81 95.7179 95.6626 95.71 95.555
95.6773 95.7136 95.7074 95.6583 95.6449 95.5653 96.5897 98.4 98.0224 100.38 98.165 98.31 100.387 100.537 99.5523 100.627 100.427 100.727 100.822 100.747 100.607 100.765 100.73 100.978 101.035 101.137 99.5667 99.516 99.5567 99.52 99.2 99.405 99.64 99.3933 99.51 99.36 96.1018 96.1069 96.1121 96.1173 96.1074 96.0812 96.055 96.0553 96.0733 96.1266 96.193 96.1093 96.08 96.01 98.8625 100.143 102.52 101.874 101.538 96.1865 96.215 101.72 96.35 96.17 96.2 96.0202 95.9655 95.9107 95.856 95.8 95.72 95.6305 95.5753
95.4153 95.4591 95.34 95.4716 95.6024 95.504 95.4056 95.3483 95.4664 96.6449 95.66 96.9652 97.3202 95.54 97.5278 100.232 99.9425 100.22 101.476 101.192 101.525 102.72 100.335 100.673 100.423 100.757 100.298 99.1189 95.8335 99.95 96.035 99.55 96.2254 96.1779 99.81 99.91 96.12 96.0996 96.0734 96.0472 96.0211 95.9949 95.9687 95.9573 96.0112 96.0858 96.1604 96.1013 96.06 96.6539 99.37 96.2689 98.9438 96.2 98.7494 96.3078 102.045 99.5947 96.3037 96.1042 96.1015 96.0875 96.0328 96 95.9116 95.8148 95.7181 95.6536 95.64
95.1921 95.2509 95.2049 95.24 95.4793 95.3308 95.2799 95.3 95.4303 95.5697 95.6374 95.5952 95.553 95.5185 95.4482 98.455 99.8984 100.997 102.605 102.787 102.588 101.885 103.063 99.275 101.196 101.983 99.87 100.194 100.047 99.88 100.12 100 99.86 99.9975 99.92 96.1565 96.0696 96.0423 96.0149 95.9876 95.9603 95.933 95.9056 95.898 95.9709 96.045 96.1196 96.13 96.16 96.2206 96.2436 96.2613 97.218 101.302 99.2885 100.656 102.167 101.01 101.83 101.98 96.0752 96.0776 96.0801 96.05 96.07 95.866 95.7692 95.6767 95.63
95.23 95.27 95.15 95.2775 95.39 95.31 95.2111 95.2124 95.2974 95.4284 95.4829 95.4407 95.3985 95.4805 95.4458 101.39 99.8233 101.637 102.643 103.02 103.68 103.109 103.403 102.467 102.07 101.387 100.017 97.9685 96.0024 96.0348 96.1594 96.1347 96.0872 96.0558 96.1354 96.34 96.0329 96.0056 95.9783 95.98 95.9236 95.8964 95.98 95.97 95.98 96.0087 96.0816 96.1402 96.1676 96.1847 96.2018 96.2024 96.2 100.556 102.622 102.51 102.438 102.168 101.885 102.055 96.095 96.0513 96.0537 96.0378 95.9494 95.8652 95.7811 95.71 95.6057
95.2182 95.29 95.225 95.3055 95.3603 95.2548 95.3 95.28 95.1644 95.24 95.2985 95.2863 95.3132 95.4033 95.448 96.0098 99.7595 102.092 102.59 103.089 103.504 103.5 102.853 102.423 102.137 100.907 98.0593 96.1457 96.2 96.22 96.13 96.0656 96.2 96.0812 96.2178 96.2632 96.0085 96.02 95.9416 95.95 95.8887 95.8678 95.8469 95.8277 95.92 95.9735 96.05 96.1093 96.1257 96.1428 96.1599 96.1308 99.5582 104.165 103.007 102.557 102.645 102.31 102.23 99.9572 96.0208 96.0084 96.055 95.9472 95.99 95.769 95.6848 95.6806 95.67
95.2313 95.1586 95.1892 95.2911 95.3559 95.2579 95.1691 95.15 95.1614 95.29 95.1101 95.1459 95.2363 95.3422 95.4999 100.042 100.051 102.36 102.715 103.037 103.673 103.262 102.737 102.32 102.046 101.643 96.2873 96.36 96.21 96.0864 96.1474 96.1969 96.21 96.15 95.9885 95.988 95.9867 95.9326 95.905 95.881 95.8601 95.91 95.97 95.87 95.8654 95.9316 96.0059 96.0729 97.8082 101.795 99.2112 100.751 104.11 103.678 102.855 102.72 102.425 102.235 102.18 100.154 99.055 95.95 95.9377 95.8566 95.7635 95.6728 95.72 95.6724 95.589
95.27 95.16 95.189 95.28 95.3457 95.2535 95.1547 95.1734 95.31 95.33 95.1844 95.1897 95.2381 95.3358 95.6006 97.3453 100.661 102.064 102.427 103.739 103.65 103.66 102.7 102.395 101.82 101.37 96.3062 96.2225 96.1062 96.07 96.0952 96.1562 96.039 96.009 96.0085 96.0081 95.9339 95.8961 95.93 95.8524 95.92 95.8106 95.7897 95.7688 95.8281 95.9025 95.9768 96.0332 98.8685 102.143 102.644 103.09 103.815 103.484 103.408 103.085 102.06 101.8 101.765 99.54 97.4994 96.08 95.86 95.97 95.86 95.694 95.6972 95.71 95.4857
95.1605 95.0868 95.1652 95.25 95.3219 95.2492 95.27 95.229 95.2506 95.2832 95.36 95.31 95.3446 95.3954 95.543 95.7054 101.965 102.405 102.785 103.733 106.815 103.763 102.789 102.366 101.83 101.303 96.1705 96.0762 96.0113 95.982 96.1 96.1041 96.0735 96.11 96.0286 96.0266 95.8747 95.93 95.9074 95.8789 95.8509 95.9 95.91 95.87 95.799 95.93 95.9476 95.9936 100.37 100.439 102.987 103.57 102.065 102.01 103.13 102.446 101.951 101.735 99.93 99.425 96.0775 96.0553 95.8892 95.93 95.7987 95.7342 95.72 95.4914 95.4588
95.19 95.21 95.1547 95.2197 95.2981 95.31 95.2933 95.3077 95.322 95.3364 95.3541 95.4065 95.4596 95.5127 95.5601 98.7096 101.652 102.25 103.079 103.743 103.652 103.22 102.878 102.458 101.51 96.1408 96.125 96.0508 96.12 95.9768 96.0205 96.0643 96.1079 96.08 96.0486 96.05 95.8569 95.9379 95.99 95.93 95.8779 95.8452 95.9 95.88 95.7585 95.8442 95.9186 95.954 95.9656 98.3078 102.6 103.45 95.87 103.812 100.817 100.605 101.627 101.575 100.978 101.2 99.165 96.0367 95.9614 95.9033 95.8388 95.7752 95.6581 95.4619 95.55
