data/256.grd
ncols         256
nrows         256
xllcorner	618360
yllcorner	6754408
cellsize	 1
NODATA_value	-9999
[rows 155 to 185 of 256, columns 138 to 206 of 256]
94.9374 94.92 94.7319 94.687 94.7037 94.6642 94.7392 94.7879 94.7814 94.7427 94.74 94.7126 94.774 94.8354 94.8886 94.8399 94.7898 94.7397 94.6826 94.67 94.563 94.5319 94.566 94.6211 94.6763 94.7314 94.7865 94.8672 94.87 94.7789 94.7572 94.857 94.9568 95.0566 95.07 95.0571 95.11 95.0723 95.0904 95.17 95.0783 95.1273 95.1685 95.1417 95.0572 94.9727 94.9719 95.0379 95.104 95.17 95.232 95.2938 95.1212 94.9907 94.9955 95.129 95.21 95.0666 94.9425 94.8871 94.9451 95.003 95.0609 95.1188 95.1608 95.1325 95.1072 95.0819 95.1205
94.901 94.91 94.725 94.7265 94.7141 94.6526 94.7011 94.7462 94.7689 94.8 94.75 94.82 94.7984 94.8507 94.8843 94.8801 94.7823 94.6845 94.6146 94.5631 94.5033 94.5333 94.5884 94.6435 94.699 94.7559 94.8129 94.8699 94.8187 94.7721 94.79 94.9088 95.0201 95.11 95.11 95.061 95.21 95.0598 95.225 95.0284 95.0846 95.1442 95.1808 95.181 95.1183 95.0363 94.972 95.1021 95.1962 95.2622 95.3246 95.1485 95.08 94.8994 94.9801 95.0672 95.1523 94.9969 94.955 94.9146 94.9688 95.0164 95.14 95.1117 95.1593 95.1582 95.1292 95.1003 95.095
94.85 94.8838 94.7494 94.84 94.7169 94.6555 94.663 94.71 94.7299 94.7176 94.77 94.7615 94.8051 94.8388 94.8724 94.9061 94.8963 94.7985 94.7007 94.6029 94.5322 94.5629 94.6199 94.6768 94.7338 94.7908 94.8477 94.9047 94.7808 94.7343 94.82 94.9647 95.0489 95.13 95.0242 95.16 95.145 95.231 95.17 95.0398 95.1015 95.1612 95.193 95.1932 95.1794 95.17 95.0428 95.0552 95.2257 95.3545 95.42 95.07 94.9433 94.864 94.8443 94.8931 94.9771 95.061 94.8701 94.9152 94.9613 95.0089 95.0565 95.1041 95.1517 95.1844 95.1555 95.0677 95.1845
94.8249 94.7684 94.8298 94.7812 94.7198 94.77 94.6249 94.75 94.69 94.82 94.765 94.7596 94.88 97.495 94.8605 97.35 94.9279 94.9125 94.8147 94.7168 94.685 94.6611 94.67 94.7116 94.7686 94.8256 94.8826 94.9396 94.7603 94.82 94.8374 94.9129 94.9678 95.0022 94.9891 95.0888 95.1233 95.1579 95.1302 95.0289 95.18 95.1782 95.2052 95.195 95.1634 95.1873 95.1209 95.22 95.1639 95.216 95.0609 94.995 94.8997 94.8444 94.8248 94.8352 94.9384 94.99 94.8725 95.03 94.9627 95.0078 95.0529 95.0979 95.1441 95.1917 95.21 95.0799 95.1997
94.7628 94.6446 94.7629 94.7446 94.7008 94.74 94.5997 94.6214 94.6563 94.6994 94.7306 94.7477 97.97 97.65 97.69 97.81 94.916 94.9496 94.9286 94.8308 94.7968 94.7934 94.7899 94.7864 94.8035 94.8604 94.9174 94.9688 94.7703 94.7101 94.7769 94.8318 94.8867 94.9417 95.01 95.0157 95.07 95.0848 95.1194 95.15 95.14 95.1583 95.1124 95.1078 95.12 95.1944 95.2154 95.19 95.16 95.08 94.9908 94.9373 94.8561 94.8241 94.7964 94.8396 94.9428 94.9245 94.8749 94.92 94.9651 95.0102 95.0553 95.1003 95.1454 95.1894 95.1225 95.0952 95.215
94.77 94.6136 94.6802 94.6822 94.6383 94.5945 94.67 94.83 94.707 94.81 94.83 94.8296 98.1814 98.3318 97.9333 97.9767 94.9093 94.9377 94.9714 94.98 95 94.9257 94.9222 94.9187 94.9153 95 94.9522 95.03 94.7933 94.8305 95.09 94.9985 95.0028 95.1 94.9692 95.08 94.9772 95.09 95.0463 95.13 95.0837 95.04 94.9941 94.9487 94.9637 95.0712 95.0865 95.0983 95.13 95.07 94.9233 94.8687 94.8238 94.88 94.767 94.844 95.0014 95.15 94.8773 94.9224 94.9675 95.0126 95.0577 95.1014 95.1447 95.1872 95.0756 95.1297 95.233
94.6464 94.74 94.6011 94.6197 94.74 94.6117 94.6517 94.86 94.86 98.365 97.1157 98.3633 101.07 98.3 98.3829 98.3497 98.365 96.59 95.0194 94.9885 94.9932 94.9984 95.0036 95.0088 95.014 95.0192 95.0244 95.0325 95.0571 95.0817 95.0741 95.0517 95.0293 95.0069 94.9911 94.9899 94.9887 95.1 94.9863 95.11 94.9677 94.9456 94.9284 95.01 97.54 95.06 94.9443 95.0276 94.9659 94.9118 95 94.8879 94.876 94.7655 94.7451 94.8957 95.0924 94.8991 94.8797 94.9248 94.9699 95.0134 95.0567 95.1001 95.1434 95.1384 95.0832 95.2183 95.3425
94.6757 94.6047 94.72 94.6023 94.6187 94.6351 94.6935 94.7608 94.94 96.5343 99.7492 101.409 100.394 99.8727 101.652 99.9776 99.3625 95.0049 96.8933 100.146 94.9692 94.9743 94.9795 94.9847 94.9899 94.9951 94.9945 94.992 95.0129 95.0376 95.0723 95.0782 95.0558 95.0334 95.0129 95.0117 95.16 95.0093 95.07 95.01 95.0047 95.035 94.9703 98.17 95.0611 97.87 97.955 97.54 98.045 94.9539 97.94 94.9296 98.27 94.8642 95.8167 94.9608 95.015 94.9178 94.8821 94.9254 94.9688 95.0121 95.0554 95.0988 95.1421 95.0896 95.1633 95.2983 95.4333
94.7 94.73 94.6 94.85 94.6656 94.668 94.79 94.8026 94.8594 94.9886 101.735 102.125 101.826 101.89 101.939 101.479 101.687 99.8353 99.9822 101.583 101.077 100.461 94.9554 99.1725 94.9642 94.97 94.9592 94.98 94.9688 94.9934 95.0281 95.0655 95.0823 95.0598 95.0374 95.0335 95.0323 95.0312 95.0125 95.0332 95.0467 95.0295 95.0388 99.265 95.1127 99.215 98.88 98.805 98.3 98.59 98.28 98.345 98.16 97.91 94.9887 95.0322 95.0257 95.07 94.8796 94.9241 95.08 95.0108 95.0541 95.0975 95.1408 95.1082 95.2432 95.3783 95.5133
94.7192 94.6545 94.634 94.8059 94.63 94.7249 94.8273 94.8448 94.92 95.0642 100.44 101.59 100.616 102.058 102.412 102.225 102.073 102.193 101.89 101.99 101.58 101.987 94.92 101.036 94.9288 99.345 97.7945 94.9214 94.9246 94.9492 94.9838 95.0213 95.0587 95.0863 95.0639 95.0554 95.11 95.07 95.0167 95.0563 95.0886 95.13 95.1171 100.405 95.1596 99.29 99.57 99.8433 94.9917 99.8675 94.952 98.7633 95.0154 98.28 97.52 95.0545 95.0627 95.0349 94.94 94.9196 94.9661 95.0095 95.0528 95.0962 95.1037 95.1882 95.3233 95.4583 95.5157
94.7384 94.6737 94.5737 94.5891 94.6072 94.7226 94.9602 95.0667 95.29 95.1991 96.5373 95 101.105 101.242 102.119 103.176 102.787 102.598 103.011 102.46 102.584 106.435 101.75 101.401 94.8935 101.453 100.997 101.125 100.923 94.905 94.9396 94.9771 95.0145 95.0519 95.0894 95.09 95.0594 95.04 95.0398 95.0794 95.119 95.1426 100.045 95.1851 100.535 100.29 95.1283 99.945 100.1 94.9681 94.9147 98.445 95.0226 95.0528 95.09 95.0768 95.0406 94.9817 94.9164 94.9129 94.9596 95.0064 95.0515 95.0948 95.1332 95.2682 95.3177 95.3371 95.3572
94.7488 94.75 94.564 94.59 94.66 94.7203 94.9579 95.1955 95.2358 95.0867 95.0624 95.0415 100.95 100.935 101.01 103.329 103.555 103.158 102.987 103.715 106.655 104.225 104.077 101.475 101.94 101.815 101.726 101.95 94.8482 94.8608 94.8954 94.9328 94.9703 95.0077 95.0473 95.0748 95.0597 95.0367 95.063 95.0701 95.045 95.1886 95.2107 95.2319 95.2512 95.2112 95.1582 99.22 99.4 99.7 98.88 100.8 98.12 97.685 95.0845 95.0204 94.9564 94.9001 94.9106 94.902 94.8904 95.05 95.0258 95.0931 95.1197 95.1391 95.1584 95.1781 95.2007
94.7574 94.7086 94.68 94.5796 94.5615 94.718 94.9538 95.108 95.0695 94.9625 94.9548 94.9464 94.92 95.03 94.8339 102.77 103.03 103.126 103.019 103.34 103.7 103.521 102.513 102.582 102.51 102.193 102.183 102.073 94.8129 94.8166 94.8512 94.8886 94.927 94.98 95.0331 95.0398 95.0392 95.032 94.9948 94.9577 94.9886 98.255 98.47 98.4 98.565 95.2414 99.18 95.1347 99.12 95.0279 98.865 94.9211 94.8677 94.8983 94.9556 94.908 94.93 94.9457 94.9744 94.9772 94.9459 94.9146 94.8833 94.9139 94.9565 94.9798 94.9992 95.0216 95.0442
94.7586 94.725 94.6585 94.6031 94.5665 94.7004 94.8867 94.8543 94.8285 94.9217 94.9281 95.01 94.9123 94.858 94.832 99.7134 102.457 102.374 102.523 102.413 102.537 103.123 102.553 102.427 102.18 102.223 102.319 102.32 100.502 94.7751 94.807 94.8597 94.9128 94.9659 95.0055 95.0049 95.0042 94.99 94.9238 94.8883 94.8748 95.0464 95.2192 95.3256 95.38 98.11 97.81 97.71 98.18 98.16 98.46 94.951 98.45 94.8442 94.8266 94.9029 94.9802 95.03 95.0381 95.0523 95.021 94.9897 94.9584 94.9501 94.9074 94.848 94.8425 94.99 94.8877
94.7598 94.727 94.75 94.6243 94.68 94.6051 94.6768 94.6947 94.784 94.9383 94.9502 95.05 95.03 94.94 101.235 99.9341 101.772 102.073 102.223 102.13 102.101 101.93 102.13 102.15 101.743 101.648 101.947 102.37 100.335 96.8183 94.7925 94.8456 94.8986 94.9517 94.9706 94.9699 94.9373 94.8943 94.8527 94.8325 94.84 94.9223 95.1057 95.289 95.3387 95.2734 95.2082 97.81 95.0776 97.45 94.9471 94.8819 94.8313 94.816 94.8212 94.97 94.9523 95.0618 95.1019 95.1161 95.0961 95.0648 95.0577 95.14 95.1 95.0041 94.9713 94.9538 95.04
94.761 94.7282 94.6912 94.69 94.5349 94.525 94.5629 94.6521 94.7642 94.9502 95.08 94.9786 94.9905 94.9963 95.02 101.213 101.18 101.64 100.739 101.108 100.535 101.343 101.16 101.285 101.237 101.041 101.293 101.347 100.468 95.05 94.7783 94.8314 94.8844 94.9363 94.9356 94.9118 94.8688 94.8258 94.8478 94.88 94.8718 94.9248 95.0833 95.2029 95.2155 95.1394 95.0742 95.0089 94.9436 94.8784 94.8457 94.84 94.8152 94.8035 94.8212 94.89 94.8641 94.9625 95.087 95.1798 95.23 95.1654 95.1126 95.0454 95.0802 95.1453 95.1327 95.0999 95.0791
94.7622 94.726 94.6757 94.6311 94.66 94.49 94.5202 94.6095 94.7579 94.9439 94.9834 94.9952 95.0071 95.019 95.0176 94.98 97.0669 97.5332 100.96 95.08 100.894 98.3106 97.676 98.9633 95 100.893 95.01 100.56 94.9726 95.08 94.8221 94.8172 94.8702 94.9013 94.8863 94.8433 94.836 94.887 94.905 94.9111 94.9227 94.97 95.0084 95.0912 95.1229 95.0054 94.9402 94.93 94.8601 94.92 94.8296 94.8144 94.7991 94.8031 94.8212 94.8241 94.8271 94.8633 94.9877 95.1264 95.1182 95.0107 94.98 94.9849 95.0081 95.0716 95.1367 95.2019 95.2285
94.6966 94.6463 94.6782 94.75 94.72 94.511 94.4777 94.68 94.7517 94.9377 94.9999 95.05 95.0237 95.03 94.9493 94.9814 95.0135 95.0455 95.0779 96.4223 96.1076 95.0272 95.0114 94.9962 95.9622 94.9961 95.0217 100.47 95.0643 94.9707 94.8746 94.803 94.8561 94.8608 94.8178 94.9467 94.99 94.965 94.97 94.9632 94.9744 94.9931 95.0174 95.0417 95.0304 94.9315 94.91 94.9048 94.92 94.855 94.8301 94.8051 95.03 94.8027 94.8211 94.94 94.8516 94.9004 94.9573 95.0058 94.9122 94.8779 94.9011 94.9243 94.9475 94.9978 95.0629 95.1281 95.1932
94.6106 94.5633 94.6895 94.6998 94.6259 94.5521 94.58 94.5594 94.7454 94.9314 95.0166 95.0284 95.0161 94.967 94.885 94.925 94.9612 95.032 94.9725 94.87 94.8576 94.8992 94.9408 94.9302 94.7732 94.8365 94.9765 94.9164 94.96 94.8677 94.9272 94.89 94.8321 94.86 94.888 94.9409 94.9782 94.979 94.9177 94.889 94.8455 94.9 94.8782 94.9087 94.9315 94.9056 94.9179 94.94 94.9594 94.9802 95.0008 95.0199 94.98 94.8726 94.8278 94.8628 94.8979 94.933 94.9681 94.9505 94.8931 94.8891 94.8684 94.8638 94.887 94.924 94.9892 95.0543 95.116
94.63 94.5262 94.6721 94.6627 94.6282 94.5936 94.56 94.53 94.7391 94.9251 95.04 95.0218 95.0008 94.99 94.8317 94.9132 94.9841 95.01 94.8914 94.91 94.8437 94.8853 94.9269 94.9 94.885 94.91 94.882 94.9519 94.93 94.9 94.8655 94.8302 94.8186 94.905 94.9669 95.0174 94.9683 94.9005 94.85 94.8117 94.7829 94.92 94.7863 94.8005 94.8146 94.774 94.79 94.946 94.9667 94.9875 95.0053 94.9794 94.9046 94.8043 94.8535 94.8341 94.8692 94.9043 94.9394 94.9315 94.8741 94.889 94.8996 94.8646 94.8296 94.8503 94.9154 94.9662 95.0098
94.5516 94.5855 94.6159 94.5992 94.5825 94.5658 94.58 94.4842 94.5679 94.8206 94.9551 94.9156 94.8852 94.8512 94.8142 94.8981 94.9609 94.946 94.8752 94.8802 94.8422 94.94 94.913 94.7889 94.8398 94.8906 94.9415 94.9543 94.9362 94.9009 94.8656 94.8303 94.8048 94.8257 94.9121 95.0049 94.9064 94.96 94.7631 94.7418 94.9 94.8327 94.845 94.7702 94.855 94.74 94.6139 94.8795 94.9741 94.9652 94.9392 94.9133 94.97 94.8262 94.8925 94.9 94.8405 94.8756 94.9107 94.9125 94.8643 94.8888 94.9134 94.8957 94.8607 94.8258 94.9136 95.0092 95.19
99.225 99.345 94.6561 94.7 94.604 94.5873 94.5706 94.59 94.57 94.5652 94.7239 94.7016 94.702 94.7175 94.7723 94.8341 94.8841 94.9055 94.8591 94.9258 94.9189 94.8575 94.8473 94.91 94.9022 94.92 94.9127 94.9143 94.9363 94.901 94.8657 94.8611 94.8223 94.755 94.8596 94.9699 94.9665 94.8786 94.7302 94.89 94.85 94.8537 94.81 94.7399 94.7658 94.84 94.4815 94.7035 94.8669 94.899 94.8731 94.8472 94.7824 94.8486 94.9149 94.8949 94.8533 94.8469 94.882 94.8935 94.94 94.8887 94.9132 94.9268 94.8919 94.94 95.0252 95.1208 95.2733
100.15 99.46 94.7016 98.43 94.6256 94.6088 94.5896 94.5173 94.56 94.4564 94.5155 94.565 94.616 94.6669 94.7179 94.7761 94.95 95.2 94.8636 94.9715 95.08 94.8591 94.8629 94.8679 94.8695 94.8711 94.8727 94.8743 94.9131 94.9012 94.8659 94.9072 94.8398 94.8 94.91 94.9349 94.8899 94.92 94.7652 94.92 94.94 94.93 94.94 94.7287 94.7424 94.7773 94.8 94.5522 94.6413 94.84 94.7449 94.81 94.97 94.88 94.9374 94.9363 95 94.9333 94.8532 94.8744 94.864 94.8886 94.9131 94.9376 94.96 94.9941 95.1213 95.28 95.2783
101.06 99.8419 99.1433 99.325 94.6711 96.6129 94.63 94.5532 94.54 94.64 94.4989 94.541 94.5832 94.6253 94.6674 94.73 94.997 95.1428 95.1423 95.0726 94.9983 94.8347 94.8334 94.8279 94.8295 94.831 94.8326 94.8342 94.8701 94.9013 94.866 94.9247 94.867 94.9111 94.9279 94.9141 94.9219 94.9 94.93 94.8717 94.8998 94.8955 94.8492 94.94 94.7123 94.89 94.84 94.5747 94.6967 94.7679 94.8255 95 94.8181 94.92 94.9598 94.9778 94.9362 94.8946 94.853 94.8554 94.8639 94.93 94.9129 94.9374 94.9608 95.0719 95.1684 95.2628 95.2484
101.865 101.37 100.295 99.635 98.119 98.3033 94.6394 94.5953 94.61 94.5108 94.4752 94.57 94.56 94.5975 94.6389 94.6955 94.8822 95.1041 95.069 94.9549 94.8497 94.7975 94.8229 94.8089 94.795 94.791 94.89 94.7942 94.827 94.8749 94.8958 94.943 94.9569 94.9378 94.9188 94.92 94.9075 94.9189 94.9085 94.9032 94.8979 94.8398 94.8753 94.9026 94.8571 94.8284 94.7605 94.6487 94.7707 95.05 95.0017 95.0593 95.22 94.896 94.9822 95.05 94.9777 94.9361 94.8744 94.88 94.824 94.836 94.848 94.871 94.8982 94.9947 95.091 95.1826 95.2237
101.085 101.319 100.965 100.38 99.35 99.15 94.657 96.305 94.5931 94.5604 94.5279 94.4954 94.62 94.59 94.6068 94.6825 94.7041 94.9533 95.0333 94.9753 94.8612 94.7942 94.8124 94.85 94.7844 94.7705 94.7565 94.85 94.784 94.8214 94.8789 94.953 94.9478 94.9287 94.9097 94.8907 94.8897 94.8944 94.8744 94.8651 94.8556 94.7771 94.76 94.81 94.8462 94.9201 95.02 94.7226 94.8447 94.9667 95.0888 95.2111 95.088 94.9087 94.99 95.019 94.8423 94.8719 94.9013 94.96 94.8512 94.8064 94.7726 94.84 94.8244 94.9174 95.0108 95.1024 95.194
100.612 101.684 101.54 101.305 100.505 99.5667 94.6675 94.6861 94.69 94.6021 94.66 94.61 94.54 94.5334 94.5825 94.7084 94.6528 94.7755 94.8825 94.9625 94.8817 94.84 94.8326 94.816 94.8023 94.915 94.7749 94.82 94.7096 94.7052 94.8966 94.9008 94.9026 94.9065 94.9006 94.8816 94.8718 94.8664 94.8465 94.827 94.8 94.7158 94.6446 94.7176 94.8626 95.0076 94.8246 94.7966 94.9186 95.0407 95.165 95.1722 95.1657 95.042 94.9733 95.0183 94.9088 94.9398 94.9686 94.947 94.9023 94.8577 94.7954 94.815 94.752 94.8389 94.9305 95.024 95.1463
99.655 100.693 101.025 101.211 101.002 100.917 99.49 98.8329 96.2879 94.72 94.6102 94.5802 94.61 94.5313 94.603 94.68 94.6171 94.5974 94.7317 94.8117 94.8917 94.8768 94.8867 94.8966 94.9065 94.8634 94.8415 94.95 94.7495 94.6807 94.867 94.8531 94.8483 94.8522 94.8561 94.86 94.854 94.85 94.8235 94.82 94.8 94.6733 94.6043 94.78 94.7866 94.8963 94.8442 94.8705 94.9942 95.1189 95.1358 95.1293 95.1228 95.1164 94.996 95.0176 94.9753 94.9947 94.9852 94.9237 94.9536 94.99 94.8514 94.7794 94.7074 94.7912 94.9136 95.0359 95.1582
100.27 100.106 100.772 101.78 101.26 101.6 102.47 102.045 97.3543 94.6968 94.8 94.6191 94.5827 94.61 94.6479 94.68 94.5814 94.5259 94.5809 94.6955 94.8301 94.8475 94.8772 94.9069 94.9365 94.9662 94.9735 94.8515 94.7001 94.7188 94.8193 94.8053 94.7941 94.798 94.8018 94.8103 94.8589 94.89 94.8489 94.86 94.7266 94.745 94.72 94.6581 94.77 94.7832 95 94.95 95.0729 95.0994 95.0929 95.0864 95.08 95.0735 95.067 95.04 95.0209 95.0114 95.0018 94.9923 94.9112 94.9602 94.98 94.8354 94.82 94.8031 94.9254 95.05 95.163
98.1011 99.475 100.44 101.226 101.267 103.78 104.375 94.7641 99.815 94.7446 94.7057 94.6669 94.6289 94.5935 94.6132 94.6546 94.6491 94.68 94.544 94.6914 94.7565 94.7783 94.808 94.8376 94.8673 94.897 94.9278 94.8247 94.6738 94.82 94.7535 94.755 94.7436 94.7437 94.7776 94.91 94.8749 94.8846 94.8744 94.86 94.7047 94.6294 94.6295 94.79 94.75 95.03 94.9585 95.05 95.063 95.0565 95.05 95.045 95.0445 95.044 95.0434 95.0378 95.0375 95.028 95.0185 95.0089 94.95 94.9152 94.9633 94.8239 94.7671 94.8149 94.9372 95.0596 95.1614
99.31 98.5772 99.9075 101.19 102.778 105.667 105.135 102.393 103.958 98.9795 94.7638 94.7259 94.74 94.755 94.5482 94.62 94.6445 94.6716 94.6138 94.6874 94.6829 94.6979 94.7387 94.8 94.7981 94.826 94.8643 94.8114 94.6693 94.6762 94.79 94.7198 94.7417 94.7538 94.82 94.98 94.891 94.97 94.8906 94.8445 94.6827 94.622 94.7 94.79 94.7613 95.0615 95.31 95.0982 95.0525 95.052 95.0515 95.0509 95.0504 95.0499 95.0493 95.0479 94.9918 95.0014 95.0351 95.0256 94.9891 94.8313 94.88 94.8062 94.86 94.8553 94.9491 95.0714 95.1598
