data/256.grd
ncols         256
nrows         256
xllcorner	618360
yllcorner	6754408
cellsize	 1
NODATA_value	-9999
[rows 62 to 92 of 256, columns 138 to 206 of 256]
94.9579 94.955 94.9069 94.9744 95.0396 95.11 95.1086 95.1851 95.1338 95.0601 95.12 95.0938 95.195 95.1 99.0927 100.635 100.765 101.063 101.645 102.147 102.679 102.613 101.785 101.34 100.69 94.9474 94.98 94.91 94.8859 94.95 94.99 95.03 94.9775 95.09 94.842 94.7776 94.7133 94.7596 94.869 94.9784 95.0572 95.0607 95.0491 95.0376 95.08 95.0144 95.0029 94.9913 94.9797 94.9682 94.9581 94.97 94.8762 94.91 94.7943 94.7534 94.7616 94.7461 94.78 94.7568 94.78 94.6888 94.68 94.6262 94.6032 94.5964 94.6352 94.73 94.7008
94.9797 94.9541 94.9286 94.9734 95.05 95.0598 95.129 95.2038 95.1224 95.0694 94.9823 95.1011 95.2022 96.7955 100.79 100.86 100.899 101.302 101.525 102.098 102.94 102.94 101.803 101.083 101.31 94.9905 94.8917 94.793 94.838 94.985 94.9368 94.9863 95.086 95.053 94.9789 94.9048 94.7741 94.7965 94.9194 95.08 95.136 95.1315 95.1199 95.1084 95.15 95.0775 95.15 95.0412 95.07 95.0048 95.08 94.9392 94.9315 94.975 94.8941 94.8382 94.7823 94.88 94.86 94.7176 94.8033 94.6738 94.6426 94.6093 94.65 94.6005 94.6146 94.675 94.7
94.9544 94.974 94.9504 94.9723 95.1 95.0728 95.1579 95.1984 95.117 95.0627 94.9916 95.1083 95.2063 95.1 101.385 101.09 101.086 101.215 101.246 101.724 102.113 101.467 99.1232 101.02 100.18 95.0318 94.98 94.92 94.8502 94.9095 94.9641 95.0135 95.1208 95.2026 95.1285 94.9938 94.7886 94.8127 94.9425 95.0781 95.176 95.1739 95.1557 95.1375 95.1193 95.1012 95.083 95.0648 95.0467 95.13 95.05 94.9134 94.94 94.898 94.8903 94.8826 94.8748 94.8364 94.7341 94.74 94.686 94.68 94.6257 94.6018 94.77 94.6161 94.71 94.6376 94.6484
94.91 95 94.9263 94.9622 95.0167 95.1018 95.1868 95.193 95.1116 95.0453 95.0008 95.0874 95.1891 97.407 101.16 100.805 101.11 101.125 101.085 101.215 101.345 98.4847 95.063 95.0504 95.0394 95.0284 95.02 94.8256 94.8528 94.93 94.9715 95.0308 95.1535 95.3327 95.38 95.0823 94.954 94.8849 95.0285 95.1641 95.18 95.175 95.1574 95.1612 95.143 95.1249 95.1067 95.0885 95.0704 95.13 94.9754 94.9066 94.95 94.8722 94.8645 94.8568 94.849 94.86 94.7475 94.795 94.6802 94.85 94.6495 94.7 94.6628 94.6702 94.7 94.82 94.82
94.88 94.9014 94.9361 94.98 95.12 95.22 95.2158 95.1876 95.1062 95.03 94.9917 95.0577 95.1718 97.3369 98.9567 100.95 100.96 101.375 100.992 99.5751 98.0192 95.9826 95.0602 95.05 95.036 94.9772 94.9466 94.8412 94.92 94.95 94.971 95.08 95.1516 95.3204 95.3124 95.3044 95.1887 95.24 95.0653 95.1569 95.21 95.1355 95.1068 95.1334 95.1601 95.1486 95.1304 95.1122 95.1 95.0504 95.04 94.95 94.8541 94.92 94.8387 94.831 94.84 94.7997 94.76 94.7761 94.7634 94.825 94.7037 94.81 94.7171 94.7246 94.7321 94.7396 94.78
94.8964 94.9311 94.9657 95.0112 95.0864 95.1617 95.2447 95.26 95.1008 95.0195 94.99 95.0371 95.0796 96.6372 98.69 100.063 100.68 100.735 100.342 100.44 95.0721 95.0628 95.0552 95.04 94.9253 94.8445 94.8179 94.8568 94.8579 94.9082 94.9537 94.9992 95.1497 95.2341 95.25 95.2181 95.2141 95.2665 95.2257 95.0938 95.151 95.1285 95.19 95.0826 95.1093 95.136 95.1541 95.1359 95.15 95.0567 94.9879 94.95 94.8503 94.8206 94.8129 94.86 94.86 94.7813 94.84 94.84 94.86 94.7962 94.8 94.805 94.7715 94.779 94.7865 94.845 94.82
94.926 94.9607 95.02 95.0558 95.1311 95.2063 95.2409 95.1806 95.0993 95.018 95.0146 95.0488 95.0829 95.9001 99.5125 100.335 99.705 100.188 101.083 97.72 100.645 95.0722 95.0443 94.9866 94.9074 94.92 94.8329 94.95 94.8566 94.9 94.9364 95.03 95.1159 95.1478 100.445 100.755 95.238 101.04 101.05 95.36 95.45 95.14 95.0929 95.0642 95.0585 95.0852 95.1119 95.1386 95.1317 95.0629 95.06 94.9253 94.8565 94.7948 94.7871 94.7794 94.83 94.7626 94.83 94.8096 94.8396 94.8686 94.87 94.91 94.8259 94.8334 94.8409 94.86 94.8307
94.9557 94.9903 95.0252 95.1004 95.1757 95.2126 95.2022 95.1817 95.1015 95.0201 94.9948 95.0521 95.0863 95.9713 97.0977 98.7051 99.5623 100.076 100.84 98.525 97.2911 95.0585 95.022 94.9703 94.8911 94.867 94.8642 94.98 94.8964 95 95.08 95.0087 95.0695 95.1046 101.51 100.827 95.2618 95.3142 95.3667 95.4191 95.3975 95.2693 95.1411 95.0572 95.2 95.0345 95.0612 95.12 95.1453 95.0724 95.01 94.97 94.8628 94.794 94.7613 94.83 94.745 94.85 94.7571 94.7862 94.8152 94.8443 94.8734 94.8741 94.885 94.8711 94.8389 94.86 94.92
94.9853 95.0199 95.0698 95.1451 95.1724 95.1839 95.1635 95.143 95.1037 95.0223 94.9663 95.0375 95.0897 95.1239 95.158 98.5775 99.1275 99.6187 99.15 98.005 97.2281 95.0362 94.9998 94.954 95.015 95.03 95 95 94.9362 94.9736 95.011 95.0485 95.19 98.0263 101.2 95.2271 101.27 95.3314 101.31 95.4289 95.4357 95.3809 95.2884 95.1958 95.1033 95.0198 95.14 95.0874 95.1311 95.0887 95.04 94.9429 94.87 94.8002 94.7355 94.7275 94.719 94.8 94.7449 94.86 94.85 94.7766 94.865 94.8315 94.8526 94.84 94.8123 94.93 95.44
95.0272 95.0496 95.1059 95.1322 95.1585 95.16 95.1248 95.1043 95.0839 95.05 95.06 95.0091 95.0803 95.1272 95.1614 100.895 100.035 100.056 99.755 99.5507 99.26 98.3383 100.63 95.14 94.9324 94.9298 94.9271 94.9386 94.976 95.0135 95.0397 95.0674 95.0871 100.27 100.92 101.095 99.9471 101.06 95.4003 95.4118 99.88 95.4033 95.3475 95.2573 95.25 95.14 95.0604 95.0711 95.1148 95.105 95.0321 94.9592 94.8863 94.8134 94.7405 94.7154 94.78 94.78 94.7715 94.81 94.8012 94.79 94.7789 94.8 94.89 94.7851 94.8578 95.0393 95.4975
95.0179 95.053 95.092 95.1183 95.1269 95.1065 95.0861 95.0657 95.0452 95.09 94.9454 95.06 95.0518 95.123 95.1648 100.505 100.077 101.087 100.855 100.766 100.955 101.235 95.0894 100.97 95.02 94.9612 94.9585 94.9784 95.0158 95.0307 95.0375 95.0841 95.1037 99.0086 100.31 101.783 101.803 101.59 95.3879 95.3947 95.4015 95.4082 95.3635 95.3077 95.2261 95.1336 95.1151 95.1011 95.0985 95.1213 95.13 94.9755 94.8968 94.8056 94.72 94.7231 94.7302 94.7557 94.9 94.8222 94.88 94.8686 94.8574 94.88 94.93 94.86 94.9956 95.2568 95.888
94.9228 94.998 95.0781 95.1044 95.0882 95.0678 95.08 95.027 95.12 94.9861 95 94.9522 95.0234 95.0946 95.1658 95.19 98.7888 102.11 102.072 101.811 101.585 101.85 100.663 101.865 99.86 94.9927 94.99 95.0182 95.0217 94.98 95.0867 97.6584 98.935 100.205 102.99 103 102.75 102.63 101.107 101.236 95.3844 100.308 95.3795 95.3237 95.2679 95.195 95.21 95.1558 95.1418 95.1279 95.0516 94.9747 94.8999 94.8251 94.7508 94.7309 94.74 94.7731 94.9 94.8396 94.8729 94.9062 94.936 94.9477 94.8751 95.13 95.2566 95.4929 95.6849
95.01 94.943 95.0642 95.07 95.0496 95.0291 95.0087 94.9883 95.1 94.9474 95.04 94.9237 94.9949 95.0655 95.0998 95.1662 98.6078 102.024 102.15 102.5 102.6 102.064 102.11 102.24 98.967 95.08 95.04 95.0127 94.97 102.51 102.138 102.02 101.405 102.223 102.558 102.97 103.21 102.518 102.153 101.097 100.273 100.99 98.2594 95.3397 95.2839 95.2281 95.1277 95.0937 95.0597 96.365 97.84 97.79 94.9935 94.9783 94.9579 94.92 94.92 94.82 94.8431 94.8784 94.9137 94.949 94.8958 94.9836 94.9886 95.1693 95.44 95.5048 95.5094
94.9826 95.031 95.0485 95.0631 95.0457 95.0267 95.0077 94.9887 94.9696 94.9506 94.9316 94.879 94.8802 94.8898 95.0213 95.1618 102.167 101.802 101.892 102.065 101.905 101.996 102.185 102.078 102.19 95.0905 95.0037 94.941 96.5833 99.6745 101.689 101.708 102.09 101.902 102.202 102.727 103.042 102.874 102.549 102.71 101.373 101.183 99.8383 100.563 95.2998 95.2137 95.0687 94.9772 100.42 94.9391 94.924 97.69 94.9386 97.72 94.9359 94.9237 94.9593 95.0032 95.0174 94.9883 94.9631 94.9954 95.05 95.0863 95.1392 95.3244 98.35 100.74 95.4695
95.0693 95.0261 95.0347 95.0701 95.0791 95.0749 95.0699 95.0508 95.0318 95.02 95.08 94.8532 94.8773 94.91 94.9611 97.4875 101.235 98.9586 99.2633 101.412 101.204 101.735 101.51 101.436 99.2234 95.16 94.95 94.9482 95.11 100.55 101.232 100.667 100.775 100.947 101.688 102.353 102.648 103.303 102.85 102.357 102.122 101.901 101.204 100.257 95.34 95.1974 95.0525 94.9556 103.32 94.977 97.8 94.9833 97.775 97.75 94.9269 94.9349 94.9649 95.0088 95.0527 95.0966 95.1404 95.169 95.1393 95.27 97.725 95.2359 97.79 97.8067 95.4121
95.0043 94.9854 95.0208 95.0562 95.0916 95.11 95.091 95.0868 95.0826 95.075 94.9266 94.8767 94.9025 94.9282 94.9857 100.47 95.12 95.0039 97.94 99.8167 99.0704 100.555 100.091 100.595 101.02 100.995 95.0124 95.0893 96.3819 98.875 99.265 100.87 99.405 100.17 101.097 101.566 101.913 102.622 102.959 102.819 102.38 102.645 101.6 100.225 97.8933 95.1204 97.5172 103.303 103.22 95.012 101.096 94.9744 94.9556 97.645 94.9225 94.9461 94.9706 95.0144 95.0583 95.1022 95.146 95.1899 95.2338 99.405 99.15 98.516 97.71 98.3883 98.092
94.9393 95.03 95.007 95.0424 95.0778 95.1005 95.09 95.0795 95.069 95.0409 95.0658 94.9236 94.9276 94.96 95.02 95.8513 95.1138 95.0093 95.915 94.91 96.2868 95.07 96.7173 96.9804 95.04 95.1 95.0127 95.0704 95.5341 95.06 96.9876 97.5806 97.7523 98.235 100.976 100.877 102.19 102.219 102.679 103.247 103.337 102.648 102.54 102.012 98.28 101.092 101.332 103.261 103.277 103.247 103.21 94.9655 100.181 103.02 97.758 97.7243 94.9809 97.81 95.0639 97.706 97.67 97.71 97.7833 97.9345 97.764 98.3806 97.7357 101.56 104.816
94.9224 94.9578 94.9931 94.9869 94.9763 95.045 95.0666 95.0561 95.0399 94.9985 95.026 95.0536 94.9527 94.9784 95.0348 95.0625 95.067 95.06 94.94 94.9968 95.0684 95.17 95.1438 95.1038 95.0637 94.9361 95.013 95.045 95.0698 95.11 95.1528 95.1956 95.2201 96.8169 99.0265 101.257 101.369 101.538 101.823 102.597 103.06 102.864 102.734 101.978 101.604 101.826 103.193 103.28 103.273 103.281 102.394 103.24 103.397 97.78 103.06 98.4942 97.6813 97.635 97.655 97.3915 97.77 97.7 97.795 97.7865 99.4838 98.34 99.932 106.047 104.968
94.9085 94.95 94.889 94.8784 94.91 94.966 95.0432 95.0327 94.9788 94.956 94.9836 95.0111 95.0386 95.03 95.0497 94.9603 95.0202 95.0334 95 94.9408 95.06 95.1238 95.1032 95.11 95.0231 94.9364 94.995 95.0197 95.0444 95.0779 95.1207 95.1635 95.1813 95.2112 95.1903 101.145 101.145 100.777 101.74 101.968 102.033 103.07 103.16 102.959 103.341 102.987 103.277 103.232 103.256 103.271 103.22 103.323 103.217 103.55 98.525 100.304 98.495 98.0724 97.6233 97.72 98.5193 98.28 98.7242 98.2066 97.8 105.915 103.582 105.027 106.207
94.807 94.95 94.7806 94.77 94.7595 94.887 95.0198 94.9949 94.9177 94.9136 94.95 94.9687 94.9962 95.0254 94.92 95.01 95.0617 95.0236 94.9829 94.9016 94.9916 95.07 95.0156 95.0333 94.9825 94.9367 94.9697 94.9944 95.0191 95.1 95.088 95.1011 95.1141 95.1607 95.1525 96.5203 98.084 100.087 100.835 101.286 102.1 102.576 102.936 103.493 103.33 103.274 103.251 103.155 103.232 103.285 103.262 103.297 103.658 105.044 105.61 97.74 101.006 97.71 97.7133 99.4383 97.69 103.04 97.77 101.031 99.63 105.33 106.05 106.472 106.677
94.89 94.93 94.812 94.92 94.88 94.8462 94.9917 94.9338 94.8566 94.8712 94.9075 94.9484 95.04 95.03 95.03 95.08 95.0369 94.9988 94.97 94.97 94.9258 94.9197 95.01 94.9074 94.94 95.08 94.9583 94.9839 95.025 95.0327 95.0208 95.055 95.0468 95.0741 95.1441 95.1724 95.1778 96.9327 100.25 100.937 100.854 101.845 102.919 103.3 103.2 103.3 103.246 103.241 103.281 103.157 103.432 103.273 104.58 106.069 104.778 104.205 103.26 102.579 104.95 102.227 103.083 103.084 103.07 105.05 103.13 106.03 106.418 106.625 106.96
94.8721 94.92 94.8436 94.827 94.8104 94.8478 94.9754 94.9124 94.8402 94.9 94.9048 94.9484 94.992 95.0346 95.0754 95.0503 95.0101 94.9663 94.9224 94.8824 94.8775 94.8989 94.9089 94.9188 94.9287 95.03 95.06 95.0113 95.06 95.0489 95.0427 94.9714 95 94.9926 95.0576 95.1276 95.1531 95.1369 95.1404 95.1439 99.4756 103.323 103.098 103.265 103.26 103.24 103.257 103.265 103.277 103.231 103.17 104.695 106.124 107.13 106.475 106.433 106.375 106.265 106.119 105.638 106.217 106.27 106.238 105.539 106.135 106.054 106.785 107.19 107.28
94.9047 94.889 94.9 94.8557 94.8391 94.92 94.9574 94.9072 94.985 94.846 94.8895 94.9331 94.9767 95.0254 95.0569 94.9847 94.9409 94.897 94.8815 94.96 94.96 94.9022 94.94 94.99 94.9421 95.04 95.0087 95.11 95.0383 95.0614 95.0786 95.0273 94.956 94.98 94.9711 95.08 95.1153 95.1524 95.1559 95.1565 100.305 100.179 103.34 103.25 103.266 103.293 103.848 103.289 103.21 104.161 103.329 105.753 107.705 107.335 106.981 106.76 106.602 106.34 106.59 106.68 106.691 106.657 106.553 106.667 106.67 106.941 107.247 107 107.783
94.9343 94.9177 94.9011 94.8845 94.8679 94.88 94.9393 94.902 94.8672 94.98 94.8743 94.94 94.9824 95.0523 95.0127 94.9155 94.94 94.8806 94.8702 94.8597 94.8493 94.8831 94.9269 94.9455 95.05 95.02 95.0202 95.06 95.07 95.0666 95.0897 95.11 95.03 94.9424 94.8874 94.9621 95.06 95.1071 95.1689 95.1608 95.1526 95.1445 103.233 103.313 103.257 103.243 104.569 107.47 105.795 103.18 108.309 107.437 107.945 107.668 107.248 107.215 107.127 107.189 107.057 107.016 106.955 107.097 107.29 106.867 107.278 107.303 107.52 107.688 107.952
94.9394 94.9464 94.9298 94.9132 94.8966 94.88 94.9213 94.92 94.94 94.94 94.8695 94.9394 95.0093 95.0792 94.9832 95.03 95.04 94.8974 94.95 95 94.8379 94.8639 95 94.9516 94.9843 95.017 95.0095 95.08 95.0485 95.0729 95.11 95.0949 95.088 95.07 95.07 94.98 94.9577 95.0286 95.1196 95.1458 95.1569 95.1487 101.672 102.007 103.255 104.897 105.857 106.878 106.369 106.431 107.286 108.215 108.226 107.96 107.75 107.698 107.534 107.785 107.69 107.79 107.411 107.465 107.474 107.57 107.565 107.415 107.863 108.167 108.193
94.8181 94.8338 94.8495 94.8652 94.8809 94.8966 94.9474 94.9897 94.9999 95.04 95.1 95.05 95.08 95.0914 95.0722 95.0509 95.0273 94.9899 94.9526 94.9152 94.9305 95.1 95.0713 95.1115 95.1785 95.38 95.0073 95.0352 95.0632 95.0886 95.0825 95.08 95.0702 95.0586 95.07 95.07 95.02 95.0243 95.08 95.0663 95.1174 95.153 95.08 100.221 103.322 104.076 106.773 106.919 107.17 107.586 107.415 108.15 108.134 108.297 108.132 108.04 108.07 108.235 108.198 108.038 107.969 108.153 107.987 107.913 107.945 108.23 107.98 108.023 108.012
94.8387 94.94 94.975 94.8858 94.9015 95 95.043 95.11 95.1056 95.1139 95.0739 95.041 95.0167 95.15 95.12 95.0719 94.9564 95.0349 95.04 95.0555 95.127 95.1985 95.27 95.3279 95.3639 95.1935 95.14 95.0535 95.0762 95.07 95.08 95.0492 95.09 95.03 95.0249 95.0676 95.03 95.09 95.0369 94.9932 95.0378 95.0889 95.14 103.465 99.11 102.283 105.957 106.535 106.97 107.107 107.422 107.84 107.775 108.47 108.179 108.303 108.395 108.186 108.28 108.193 108.267 108.177 108.273 108.39 108.25 108.159 108.113 108.358 107.773
95 94.875 94.8907 94.9098 94.9657 95.0217 95.111 95.1398 95.1013 95.0686 95.036 94.9677 95.0917 96.6569 100.38 100.455 95.0362 95.09 95.0506 95.103 95.1554 95.2078 95.2602 95.3127 104.835 95.2016 95.083 100.82 95.053 95.16 95.0267 95.05 95.0004 94.99 94.9742 95.0307 95.0352 95.0727 95.0096 95.01 94.9583 95.0094 95.0605 95.1116 95.1287 100.275 106.042 106 106.576 106.563 107.124 107.363 107.8 107.955 108.057 108.073 107.725 108.238 108.182 107.985 107.973 108.068 108.151 108.05 107.887 108.017 108.021 107.96 107.42
94.8813 94.91 94.9211 95.05 95.033 95.089 95.1444 95.15 95.0753 95.0257 94.9907 94.9557 95.13 97.9962 100.44 100.73 95.091 95.0612 95.0353 95.0877 95.1402 95.1926 95.245 95.2866 106.09 95.1217 105.92 100.922 95.0356 95.15 94.9911 94.9779 95.03 94.9516 95.02 94.965 95.0896 95.085 94.9901 94.927 94.8788 94.9299 94.981 95.0311 95.0725 95 95.08 103.44 106.1 105.99 106.772 106.935 107.367 107.525 107.76 107.698 107.713 107.55 107.367 107.827 107.553 107.647 107.68 107.559 107.607 107.553 107.75 107.314 106.83
95.12 94.9289 94.9761 95.0233 95.13 95.1136 95.1277 95.126 95.1 95.0233 94.972 95.0698 95.1244 98.49 101.287 99.756 101.525 95.0617 95.0294 95.0725 95.1249 96.8161 105.288 106.347 106.497 106.565 104.937 106.235 106.52 95.0443 95.0183 94.9923 94.9663 94.9404 94.9144 94.9022 95.0558 94.9825 94.92 94.8688 94.965 95.01 94.94 94.9399 94.98 95.0201 97.1498 103.6 103.33 103.648 106.104 106.72 107.003 107.073 107.276 107.305 107.147 107.475 107.222 106.877 107.387 107.485 107.257 107.077 107.387 107.045 107.094 106.983 107.048
94.9654 94.9319 95.06 95.11 95.0735 95.078 95.18 95.1525 95.1012 97.79 97.89 95.1501 97.3279 102.39 102.375 100.356 95.0727 95.0622 95.0299 95.0572 95.1097 95.1621 102.655 106.915 107.057 106.973 106.907 106.437 106.426 106.16 105.69 95.0271 95.0011 94.9751 94.9491 95.0341 94.9743 94.8922 94.8662 94.8846 94.903 94.9201 94.9021 94.8335 94.8736 94.9671 95.0783 94.9382 94.9481 104.55 105.946 106.369 106.737 106.776 106.847 106.77 106.679 106.543 106.651 106.892 106.795 106.786 106.83 106.97 106.55 106.645 106.607 106.746 106.517
