data/256.grd
ncols         256
nrows         256
xllcorner	618360
yllcorner	6754408
cellsize	 1
NODATA_value	-9999
[rows 124 to 154 of 256, columns 69 to 137 of 256]
99.5233 98.97 96.8305 95.3208 95.2963 95.2807 95.3082 99.6648 105.62 103.73 105.254 106.045 107.235 107.475 107.05 106.321 105.745 105.167 106.725 106.98 100.715 99.0149 95.306 95.2872 95.28 95.21 95.17 95.0868 95.18 95.1466 95.0812 95.13 95.1199 95.17 95.1458 95.1592 95.1712 95.21 95.1591 95.1415 95.1661 95.191 95.2279 95.3217 95.3421 95.2485 98.835 97.858 94.9247 94.9161 94.9386 94.9465 101.53 98.055 99.4333 98.595 95.1023 95.0378 94.975 94.7327 94.6503 94.5543 94.5592 94.5641 94.56 94.6075 95.06 94.5298 94.6099
98.745 95.3405 95.316 95.33 95.2699 95.2675 95.3103 106.69 105.018 103.655 105.7 105.425 106.404 106.875 106.87 106.355 105.285 105.409 105.314 103.523 101.282 99.4767 100.533 95.3237 99.41 95.1747 95.0775 95.0577 95.1351 95.18 95.1519 95.1464 95.22 95.1499 95.1589 95.1759 95.193 95.22 95.23 95.2165 95.2414 95.2663 95.293 95.3881 95.3964 95.3639 95.38 95.37 100.33 100.93 98.36 98.03 95.0072 95.0604 95.12 95.1561 95.0953 95.07 99.2467 94.6087 97.5333 97.6575 94.5466 97.0667 94.7278 94.9873 95.06 94.7527 94.6338
98.7371 95.3112 95.2867 95.2622 95.2563 95.267 102.12 101.125 103.497 104.034 104.617 104.59 104.695 105.903 105.986 105.586 105.543 104.388 103.537 102.723 102.54 100.609 95.2998 95.3339 95.3679 95.322 97.138 95.094 95.25 95.0437 95.1243 95.2049 95.1999 95.1691 95.1719 95.2 95.206 95.2231 95.1947 95.2623 95.3167 95.3417 95.3666 95.4546 95.53 102.52 101.37 99.5767 99.785 95.1048 99.18 102.505 102.66 101.435 100.083 98.915 95.0995 100.537 95.04 100.31 99.79 94.6705 94.5988 94.7134 94.8743 95.14 95.0355 94.9527 94.8699
97.1271 95.2818 95.365 95.35 95.2427 95.2665 95.26 102.15 102.08 99.7217 101.854 103.48 103.83 104.345 105.185 105.039 104.765 104.526 103.37 103.486 102.944 102.9 101.55 100.973 100.647 98.7867 99.51 95.2293 98.57 94.987 95.0342 95.28 95.1875 95.1883 95.1849 95.202 95.2032 95.1369 95.12 95.111 95.1813 95.2516 95.3623 95.5078 95.489 95.5 97.47 95.3778 95.42 99.395 95.2466 95.1841 95.36 103.48 102.59 95.1228 97.855 101.67 95.188 98.0233 101.56 94.8125 98.555 94.9251 95.0465 95.0934 95.0153 94.9393 94.8633
95.2892 95.41 95.2348 95.2319 95.2291 95.2661 95.3088 95.3308 95.3364 95.342 102.07 101.87 103.157 103.305 103.493 105.075 104.665 103.482 103.23 103.03 103.01 102.692 103.019 102.657 101.896 101.564 101.173 98.5555 95.258 96.99 95.26 95.1974 95.1 95.1944 95.2 95.1668 95.0899 95.0606 95.0421 95.0235 95.032 95.1594 95.2842 95.3589 95.3683 97.98 98.21 95.4075 100.33 102.24 99.2325 100.56 95.3045 102.175 95.1657 95.104 102 99.0733 95.2551 101.5 100.4 94.9313 98.505 95.1291 95.1133 95.0909 95.0235 94.9475 94.8715
95.2719 95.295 95.42 95.2884 95.28 95.28 95.3083 95.335 95.3406 95.3462 95.24 98.2303 102.16 99.47 102.626 103.15 105.183 101.565 101.89 102.442 102.833 102.867 103.003 103.26 102.792 102.617 101.927 101.133 99.6057 99.18 95.3633 95.3099 95.7 95.0754 95.1391 95.07 95.0029 94.9927 94.9928 94.9929 94.9822 95.0606 95.1855 95.198 95.203 95.2424 97.875 95.2022 95.2253 95.2504 95.2754 95.3005 99.43 95.2104 100.805 99.32 97.5767 95.1591 99 98.185 95.0589 99.355 96.275 95.0888 95.073 95.0365 95.0283 94.9556 94.92
99.785 104.19 103.31 104.15 95.305 95.22 95.3078 95.34 95.3378 95.3264 95.3151 95.3037 95.19 97.452 100.307 103.22 102.695 101.53 101.047 101.452 102.237 103.03 103.093 103.075 103.462 103.376 103.04 101.523 100.166 99.9543 99.3967 95.652 95.4887 95.2788 95.0711 95.11 95.16 94.9848 95.035 94.9767 94.9647 94.9619 95.0322 95.0372 95.0755 95.1237 95.1264 95.1514 95.1764 95.25 100.81 100.51 100.763 98.7 95.1152 95.1004 95.1063 95.1121 95.1179 95.1117 95.0959 95.0801 99.265 95.0485 95.0327 94.982 94.9739 94.9637 94.8877
95.467 99.93 95.47 95.45 95.2785 95.32 95.3747 95.34 95.3132 95.3022 95.2908 95.2795 95.2681 95.28 98.345 101.98 99.3526 99.828 100.557 100.544 101.103 101.245 102.052 102.485 102.848 104.045 103.857 100.847 100.47 100.303 99.3529 98.6991 99.4433 95.5465 95.36 98.5525 95.1184 95.064 94.9907 95.01 94.9685 94.99 94.9818 95.033 95.09 95.104 95.0874 95.1057 95.1275 95.1526 95.1776 96.5 96.34 98.86 95.093 98.224 95.1047 95.1105 95.1543 95.0602 95.1029 97.245 97.255 95.0082 94.9924 94.94 94.9195 94.925 94.8958
104.54 104.14 105.41 95.3456 101.95 95.517 95.575 95.3649 95.31 95.2758 95.36 95.3 95.3 95.5816 95.25 95.28 96.5871 95.17 99.4067 99.4081 100.37 100.133 100.895 101.379 101.76 102.34 102.03 101.135 101.041 100.985 100.725 100.45 99.9667 100.227 99.125 97.461 95.2116 97.5733 95.05 95.0104 95.03 95.04 95.11 95.0417 95.0929 95.0842 95.0587 95.0672 95.0855 95.1039 95.1288 95.1538 95.1788 96.305 95.0915 95.0973 95.1118 95.1603 95.1585 95.0304 95.0031 97.18 95.0797 96.37 95.08 94.8814 94.865 94.8569 94.8487
98.9333 102.155 95.4355 100.467 104.9 105.5 95.4755 95.3752 95.3351 95.2737 95.5 95.2278 95.2171 95.2065 95.32 95.1852 95.1742 95.2059 95.26 99.3 99.5067 99.3046 100.605 100.44 101.396 102.103 100.15 100.562 100.924 101.267 101.39 100.843 100.537 100.297 100.035 99.8167 95.2837 97.6045 99.16 95.039 95.15 95.13 94.9992 95.06 95.09 95.0645 95.039 95.0286 95.047 95.0653 95.12 95.1049 95.13 95.0973 95.125 95.17 95.1663 95.2147 95.1287 95.0006 96.125 94.9515 94.9998 95.0481 95.0155 94.8976 94.8189 94.94 94.8016
103.535 95.4964 97.66 101.315 95.4882 95.526 95.4605 95.3602 95.43 95.4526 95.3702 95.41 95.1904 95.1797 95.1733 95.2127 95.29 95.24 95.2664 95.31 95.39 97.9952 98.8567 99.436 100.082 100.29 99.835 100.575 100.563 101.082 101.221 101.137 101.203 100.839 101.215 99.8405 100.14 100.107 97.6506 95.0676 95.1 95.0052 95.0079 95.0591 95.0702 95.0447 95.0192 95.005 95.0084 95.0267 95.0451 95.0634 95.0818 95.0825 95.17 95.1722 95.2207 95.2691 95.0988 94.9708 94.9212 94.8717 94.9 94.9783 95.0779 95.09 94.8729 94.7765 94.7897
95.5241 95.5237 103.348 104.9 104.36 100.29 96.685 103.57 95.41 95.42 95.3597 95.2698 95.1965 95.2279 95.41 95.3117 95.3393 95.31 95.286 95.33 95.302 97.1035 99.0333 98.6175 99.2267 99.5723 100.111 100.558 101.285 101.057 100.945 100.963 101.016 101.21 101.147 101.275 100.744 100.838 97.6189 95.12 95.14 95.14 95.0166 95.14 95.0505 95.025 95.05 94.9739 94.97 94.9882 95.0065 95.0249 95.0435 95.1204 95.1782 95.2267 95.2751 95.3235 95.0691 94.941 94.955 94.8419 94.8384 94.9426 95.043 95.0784 95.1 94.8732 94.7748
105.7 104.23 99.795 95.3966 95.4265 99.6533 102.82 97.6 101.555 95.2891 95.28 95.41 103.01 100.22 95.3633 95.4107 97.7033 95.3309 95.31 95.46 95.3079 98.2167 98.8291 99.38 98.5833 99.21 100.285 100.513 101.04 101.077 100.81 100.787 100.88 100.78 100.979 101.409 102.29 99.1633 97.2747 95.1205 95.0742 95.0375 95.16 95.0562 95.0307 95.0052 94.9797 94.9541 94.95 95.05 94.968 94.9921 95.0746 95.1549 95.2132 95.2715 95.3295 95.38 95.0392 94.92 94.92 94.8101 94.8596 94.9359 95.0085 95.0912 95.0033 94.9202 94.837
98.28 95.6547 102.2 105.13 100.305 100.725 103.085 95.3645 95.3271 102.225 104.53 95.43 98.265 103.62 95.4377 98.555 102.59 95.4338 95.53 97.78 95.3137 97.5867 98.836 98.934 98.9885 99.4461 100.13 100.634 101.29 101.065 100.849 100.801 100.75 100.925 100.845 100.085 100.915 101.27 95.1917 95.1926 95.1547 95.0536 95.105 95.0365 95.011 95.06 95.085 94.9344 94.9089 94.9111 94.9408 94.9966 94.9362 94.93 95.0248 95.144 95.2631 95.276 95.0122 94.9003 94.847 94.7887 94.86 94.9428 95.0255 95.0429 94.9488 94.8656 94.7825
105.31 99.105 95.4376 101.11 102.33 95.4066 95.42 99.7575 104.22 97.36 96.82 95.64 105.72 95.4306 95.4676 99.03 95.5283 95.4736 98.415 95.48 98.08 98.095 99.21 98.8562 98.5167 99.6157 100.493 100.447 100.948 100.75 100.83 100.783 97.7819 95.39 95.42 100.845 99.22 95.4003 95.23 95.2362 95.2708 95.1889 95.33 95.0167 94.9912 94.9657 94.9402 95.14 94.92 94.8775 94.98 94.9084 94.9239 94.9 94.9668 95.086 95.1789 95.1967 95.09 94.9557 94.8836 94.9 94.8849 94.9598 95.0426 95.055 94.8943 94.985 94.8474
95.5121 95.4642 102.03 95.48 98.225 103.56 99.375 104.65 100.907 95.5169 102.89 104.565 105.93 95.3968 102.805 99.7133 95.5064 101.92 97.98 95.4886 95.4687 98.8117 98.7702 98.8998 99.2742 99.8571 100.552 101.245 101.065 100.877 100.7 95.3719 95.3418 95.44 95.9421 95.28 95.3883 95.2864 95.2451 95.2773 95.3072 95.33 95.1832 95.0891 95.0859 95.0656 95.0454 95.0251 95.0049 95.01 94.9947 95.06 95 94.9557 94.9221 95.0279 95.0648 95.0827 95.0546 94.9785 94.9024 95 94.9175 94.9889 95.0583 94.9359 94.8397 94.98 94.9165
99.02 102.665 95.4922 103.23 102.82 102.5 95.522 95.5617 99.975 95.67 95.607 95.54 104.21 95.4047 95.4222 95.4398 95.4712 95.4985 97.685 97.0841 98.3729 99.08 98.7643 98.455 99.6017 100.36 100.447 101.04 100.75 100.84 95.3535 95.39 95.3524 95.3608 95.3693 95.3674 95.2655 95.24 95.2645 95.2959 95.3278 95.33 95.3275 95.1497 95.1497 95.1574 95.1599 95.1396 95.185 95 95.0465 95.0547 95.0281 95.01 94.98 94.95 94.9776 95.0093 95.03 94.9973 94.9212 94.8788 94.9502 95.0045 94.9901 94.8802 94.8593 94.9229 94.9866
95.3543 95.4191 95.4839 99.22 98.24 95.4143 102.28 98.615 102.5 101.16 95.5507 103.167 95.3952 100.095 100.323 103.09 95.5059 95.5567 95.612 97.5704 98.86 98.708 98.7806 99.2514 99.93 100.162 100.757 101.2 100.853 100.755 98.9433 95.32 95.2889 95.45 95.3195 95.2553 95.2466 95.2529 95.2849 95.3168 95.3325 95.33 95.3275 95.325 95.28 95.2102 95.218 95.1464 95.0537 95.0516 95.18 94.98 94.9608 94.9546 94.9231 94.93 94.9127 94.9413 94.99 94.9575 94.94 94.94 94.9508 94.944 94.9211 94.95 94.96 94.9942 98.784
95.3195 95.3656 95.4278 95.4388 95.3252 101.13 98.755 101.11 98.79 95.639 101.673 95.4416 101.75 95.58 95.68 95.5782 95.495 99.47 95.6017 98.158 98.737 99.152 98.4133 99.0575 100.18 100.377 100.925 101.065 100.827 99.0633 95.4023 95.3586 95.437 95.3576 95.34 95.68 95.4773 95.2739 95.3058 95.335 95.3325 95.35 95.3275 95.325 95.3225 95.2631 95.32 95.0502 95.0736 95.1724 95.1 94.9106 94.9059 94.9012 94.8875 94.8623 94.8478 94.8683 94.8765 94.8846 95.02 94.9259 94.9281 94.95 94.9309 94.9541 95.0019 98.0937 101.17
97.205 95.3155 95.35 95.3781 95.3301 95.2888 97.935 95.4566 95.5425 95.6164 95.5728 100.46 95.3819 100.587 102.935 95.574 101.327 97.3367 95.5914 97.0971 98.3391 98.5363 98.8938 99.4933 100.245 100.642 101.27 100.74 100.785 99.44 95.43 95.3127 95.41 95.3425 95.4702 95.6595 95.6296 95.73 95.3267 95.335 95.39 95.33 95.3275 95.325 95.3225 95.3159 95.2284 95.1464 95.1342 95.1954 95.0276 94.96 94.9353 94.9306 94.88 94.9 94.8085 94.8639 94.92 94.9659 95.08 95.0146 94.9519 94.97 94.97 98.38 101.03 100.86 100.962
95.3344 95.3471 95.42 95.272 95.3285 95.31 95.3507 95.4362 95.522 95.5937 95.5859 95.4843 101.445 101.525 95.5785 101.03 98.18 101.33 95.581 98.1225 97.6475 97.8555 98.4767 99.6739 100.267 100.73 101.027 100.878 99.791 97.4108 95.4048 95.38 95.39 95.2923 95.4162 95.5439 95.6716 95.3157 95.34 95.335 100.25 101.02 95.3216 100.15 95.295 95.2818 95.2787 95.2463 95.2 95.28 95.0717 94.9909 95.09 94.9465 94.856 94.8033 94.85 94.7887 94.8929 94.9971 95.0398 94.9671 94.8944 94.9654 98.11 98.3579 99.9795 100.853 100.8
95.3391 95.3518 96.6333 95.3075 95.268 95.2448 95.3299 95.4158 95.5016 95.5711 95.5837 95.58 98.67 95.5682 95.6352 95.6599 97.8967 95.5365 95.5707 95.5712 95.5716 97.881 99.555 100.207 100.417 100.87 100.83 100.847 100.66 95.5028 95.434 95.3653 95.38 95.365 95.3134 95.4255 95.5531 95.3366 95.3333 99.9825 101.155 100.215 101.71 102.242 102.415 95.2405 95.21 95.2254 95.2642 95.1967 95.1158 95.035 95.03 94.9308 94.8403 94.7747 94.865 94.7691 94.8176 94.963 95.03 94.9096 94.9389 95.0203 96.0445 97.91 100.027 100.561 100.966
95.3437 95.3564 95.4 95.3431 95.3035 95.38 95.3527 95.4138 95.4812 95.5485 95.5439 95.4688 95.4984 95.5444 95.5691 95.5938 95.5853 95.5699 97.735 98.0225 95.5724 98.4367 99.94 100.101 100.728 101.235 101.09 99.9419 95.5652 95.5199 95.4521 95.3843 95.45 95.314 95.3232 95.3345 95.4347 95.36 95.328 99.0333 100.49 101.571 102.202 102.27 101.034 101.47 99.005 99.305 95.0291 95.0509 95.063 95.0752 95.0055 94.9151 94.94 94.7461 94.8927 94.91 94.7424 94.9811 94.9368 94.9125 95.08 95.0752 95.1566 95.238 97.498 100.635 101.457
95.3483 95.3611 95.3738 95.3786 95.3391 95.377 95.4382 95.4892 95.4993 95.5093 95.4506 95.3033 95.3548 95.43 95.4899 95.5277 95.5212 95.5798 95.6385 95.6708 97.15 97.5732 99.8044 100.53 100.946 101.17 100.827 99.0413 100.737 95.5227 95.4549 95.3871 95.3431 95.41 95.3504 95.42 95.36 95.3493 99.675 100.995 101.048 101.94 102.857 102.19 102.25 100.175 99.475 99.79 94.7056 94.7351 94.79 94.8862 94.9641 94.9711 94.9043 94.94 94.8888 94.776 94.7185 94.7936 94.8525 94.925 95.0126 95.1138 95.2116 95.293 95.36 98.562 101.987
95.3527 95.3657 95.3784 95.3911 95.4014 95.4258 95.4321 95.4384 95.4447 95.451 95.5083 95.445 95.3189 95.3875 95.51 95.62 95.5854 99.145 97.79 95.751 95.7811 95.91 97.2688 98.2598 100.933 100.143 101.05 99.0223 95.5457 95.5255 95.4577 95.39 95.3758 95.3795 95.3831 95.3868 95.45 96.7462 99.8406 100.65 101.662 102.369 102.323 102.238 101.316 101.205 99.3077 96.6107 94.4282 94.5601 94.6938 94.8162 94.8822 94.9 94.9344 94.8958 94.8515 94.7481 94.84 94.761 94.7869 94.8798 94.9726 95.0655 95.1583 95.2512 95.3153 97.7936 102.355
95.3538 95.3669 95.3799 95.3659 95.356 95.363 95.3693 95.3756 95.3819 95.3939 95.518 95.56 95.4385 95.4618 95.5302 95.5981 95.6659 95.7261 95.7718 95.8174 96.05 95.8914 95.8266 95.7601 95.6935 97.9369 101.34 100.837 95.536 95.5283 95.4605 95.44 95.48 95.4123 95.4159 95.4091 95.4111 97.582 100.348 101.55 102.17 102.872 101.975 102.025 100.965 99.71 99.55 94.2932 94.58 94.5305 94.8 94.8119 94.91 94.9155 94.9631 94.92 94.8143 94.75 94.7596 94.7629 94.85 94.83 94.8626 94.9554 95.0483 95.1425 95.2324 96.8503 102.1
95.3549 95.3618 95.3256 95.2894 95.291 95.2995 95.3065 95.3128 95.3191 95.3704 95.4839 95.503 95.4919 95.484 95.5969 95.6715 95.7394 95.8073 95.8667 95.9124 95.9581 95.8991 95.91 95.7146 95.648 96.2935 95.59 95.57 95.5262 95.5261 95.4634 95.4401 95.4414 95.55 95.4363 95.4287 95.46 98.5158 100.995 100.875 102.022 102.334 101.981 101.201 100.99 98.5629 95.1536 94.53 94.5693 94.6822 94.7813 94.97 94.9236 94.9442 94.9918 94.92 94.8021 94.77 94.7468 94.7425 94.7382 94.7385 94.7809 94.89 94.9382 95.083 95.1494 95.9349 94.95
95.334 95.295 95.32 95.27 95.226 95.24 95.243 95.2499 95.2563 95.3469 95.3797 95.4079 95.4105 95.4134 95.4936 95.619 95.7444 95.8698 95.9487 96.0073 96.08 95.9432 95.7941 95.6691 95.6026 95.536 95.5167 95.53 95.5164 95.5163 95.51 95.475 95.4712 95.55 95.4559 95.4483 95.4726 100.05 101.477 101.473 102.405 102.512 101.77 100.82 99.5325 99.39 95.2036 95.2 94.6487 94.96 95.02 94.9791 94.9869 94.9946 95.0205 95.05 94.8188 94.7513 94.78 94.7221 94.7178 94.77 94.7373 94.7796 94.8282 95.0236 95.0665 95.0684 95.0702
95.37 95.3198 95.3061 95.2924 95.2787 95.241 95.1893 95.1865 95.1993 95.2474 95.2756 95.3037 95.37 95.3427 95.3952 95.5157 95.6411 95.7665 95.8919 95.9883 96.0405 95.9757 95.8674 95.81 95.5571 95.507 95.6 95.5068 95.5055 95.5028 95.4907 95.4984 95.4908 95.4831 95.4755 95.57 98.1488 101.175 101.388 102.324 102.391 102.093 101.162 99.75 98.5504 95.2805 95.28 95.17 95.07 95.0305 94.985 95.04 95.05 94.9684 95.0033 94.9544 94.8331 94.84 94.7465 94.729 94.72 94.694 94.6936 94.7365 94.7822 94.9759 95.0138 95.0091 95.0044
95.3608 95.3743 95.3762 95.3625 99.295 98.015 100.47 100.895 95.2067 95.33 95.1906 95.29 95.2359 95.32 95.3245 95.4124 95.5378 95.6632 95.7218 95.7125 95.7928 95.9397 95.9407 95.95 95.5099 95.4893 95.4849 95.4805 95.4848 95.4907 95.4228 95.4867 95.5104 95.5027 95.4951 95.5087 100.35 101.628 101.936 102.66 102.613 101.67 101.59 100.177 97.2472 95.3541 95.2035 95.2084 95.1127 95.22 95.08 94.899 94.8622 94.8254 94.85 94.845 94.91 94.81 94.77 94.7418 94.73 94.79 94.74 94.699 94.7447 94.8962 94.9569 94.9884 94.9837
95.3321 95.3456 98.36 98.1438 99.3201 100.985 101.062 101.58 95.3315 99.4883 95.191 95.1729 95.1956 95.39 95.2691 95.42 95.4345 95.4737 95.631 95.7856 95.8021 95.8723 95.799 95.456 95.458 95.4599 95.4555 95.4667 95.4998 95.4243 95.3586 95.4449 95.57 95.5223 99.2 98.4125 101.4 102.11 102.242 102.447 102.468 101.32 100.16 99.65 95.4792 95.3433 95.28 95.2087 95.2103 95.1751 95.23 94.9115 94.8745 94.88 94.8408 94.8414 94.95 94.8553 94.7858 94.8 94.7305 94.7467 94.7343 94.705 94.7113 94.8165 94.8773 94.938 94.9629
