data/512.grd
ncols         512
nrows         512
xllcorner	618360
yllcorner	6754408
cellsize	 1
NODATA_value	-9999
[rows 270 to 299 of 512, columns 345 to 413 of 512]
94.3115 94.3342 94.2273 94.1906 94.3123 94.3222 94.2997 94.2722 94.2447 94.34 94.1721 94.2 94.0928 94.0508 93.985 93.9711 94.056 94.1409 94.199 94.25 103.256 106.056 105.14 106.326 105.175 105.687 105.18 105.496 105.339 105.143 105.157 105.33 105.14 105.215 105.063 100.708 97.4253 94.1766 94.1568 94.1334 94.1099 94.0865 94.0573 94.0271 93.9969 93.9298 93.8544 93.7804 93.9 93.81 93.7668 93.78 93.8 93.7556 93.7622 93.7981 93.87 93.831 93.8239 93.8791 93.97 94.0098 94.0721 94.1407 94.0831 94.0478 94.04 93.9304 93.8691
94.406 94.43 94.345 94.2107 94.2354 94.2422 94.2409 94.2134 94.22 94.1476 94.108 94.0684 94.11 93.9891 93.9414 93.946 94.0309 94.1158 95.7245 99.74 105.563 105.136 105.134 105.077 105.197 105.226 105.25 105.197 105.369 105.213 105.205 105.141 105.187 105.163 105.163 105.13 98.2015 94.1604 94.137 94.1135 94.0901 94.0666 94.0432 94.02 93.9846 93.9269 93.852 93.778 93.83 93.81 93.7424 93.7401 93.7326 93.7653 93.84 93.84 93.8454 93.84 93.84 93.97 93.9373 93.9995 94.0752 94.1283 94.0835 94.0064 94.01 93.8313 93.804
94.3668 94.2836 94.1895 94.1521 94.27 94.1622 94.1691 94.1547 94.1231 94.0835 94.0439 94.11 93.9646 94.1 93.9031 93.9283 94.0186 94.1053 94.182 101.337 103.875 105.253 105.083 105.157 105.186 105.298 105.227 105.238 105.269 105.275 105.285 105.173 105.25 105.108 101.37 105.425 94.1449 94.15 94.1171 94.0937 94.0702 94.0468 94.0233 93.9999 93.9724 93.924 93.8496 93.7756 93.7359 93.7208 93.7179 93.7202 93.7609 93.8016 93.8413 93.8598 93.8527 93.8456 93.8385 93.87 93.927 94.0096 94.0928 94.1052 94.0611 94.017 93.9297 93.99 93.7546
94.2766 94.22 94.23 94.2115 94.1767 94.1418 94.1069 94.0959 94.059 94.046 94.0406 94.16 94.17 94.09 93.94 93.9259 94.0053 94.0819 94.1586 100.26 104.474 105.155 105.169 105.152 105.186 105.163 105.203 105.13 105.359 105.334 105.169 105.171 105.182 103.391 105.19 105.054 94.1491 94.1285 94.1033 94.13 94.0528 94.0275 94.0035 93.98 93.9566 93.93 93.87 93.7732 93.86 93.7071 93.6946 93.7334 93.7722 93.811 93.8523 93.8603 93.8547 93.8492 93.8436 93.93 93.9441 94.0273 94.1105 94.1 94.06 94.1 93.9405 93.853 93.7654
94.1863 94.1695 94.2421 94.3 94.2399 94.2193 94.1986 94.28 94.21 94.16 94.1121 94.0693 94.12 93.983 93.9399 93.9133 93.9819 94.0586 99.56 102.34 105.247 105.124 105.247 105.127 105.164 105.196 105.178 105.328 105.86 105.288 105.055 105.1 105.191 105.237 94.17 99.0249 94.1439 94.1291 94.145 94.14 94.0534 94.0281 94.0029 93.9776 93.915 93.823 93.7404 93.7651 93.75 93.6738 93.69 93.75 93.7387 93.7871 93.8166 93.8394 93.8427 93.8372 93.8316 93.8408 93.9535 94.05 94.1115 94.0603 94.0162 93.9721 93.99 94 93.7811
94.31 94.3 94.2576 94.2634 94.2466 94.2297 94.2129 94.1961 94.23 94.1478 94.1733 94.21 94.0183 94 94.005 94.02 93.9678 94.0352 96.4081 101.718 105.3 105.213 105.21 105.203 105.298 105.174 105.283 105.181 105.153 105.225 105.083 105.19 105.171 103.073 102.645 102.715 94.1387 94.1279 94.1044 94.0792 94.0539 94.03 93.9627 93.8688 93.7748 93.7278 93.7867 93.89 93.77 93.6405 93.6277 93.6665 93.745 93.7642 93.7808 93.8036 93.8277 93.8251 93.8196 93.8369 93.8873 94.0348 94.0884 94.0379 94.01 94 94.01 93.8614 93.83
94.21 94.1902 94.2475 94.23 94.206 94.22 94.1723 94.26 94.1848 94.1409 94.097 94.0537 94.0105 93.9674 93.98 93.8932 93.98 94.0223 95.6019 94.11 105.16 105.122 105.203 105.2 105.258 105.805 105.283 105.145 105.201 105.222 105.63 105.2 105.15 105.15 102.39 101.835 94.1335 94.1227 94.105 94.0798 94.0104 93.9272 93.8695 93.94 93.743 93.7534 93.8452 93.8434 93.7447 93.69 93.5943 93.75 93.7119 93.7285 93.7451 93.7678 93.7919 93.8131 93.8122 93.88 93.8536 93.9297 94.05 94.0162 93.9819 93.9475 93.94 93.93 93.8177
94.2265 94.25 94.2375 94.2097 94.1654 94.25 94.1317 94.25 94.1783 94.17 94.13 94.0465 94.0027 93.9596 93.965 93.8831 93.9477 94.0122 94.0797 105.255 99.405 105.257 105.175 105.182 105.13 105.296 105.08 105.238 105.213 105.275 105.177 105.095 104.2 100.585 104.867 94.16 94.9283 94.1179 94.0994 94.0416 93.9839 93.9262 93.8685 93.794 93.7185 93.81 93.8354 93.8034 93.7713 93.7166 93.6001 93.642 93.6761 93.71 93.7093 93.74 93.756 93.7802 93.8428 93.8938 94.05 93.9423 94.0146 94.05 94.0258 94.03 93.97 93.7763 93.7846
94.2452 94.217 94.2275 94.1971 94.22 94.1079 94.1207 94.1551 94.1717 94.1278 94.0838 94.0399 94.03 93.9521 94 93.8731 93.9376 94.0101 94.09 102.43 103.744 105.18 105.107 105.197 105.22 105.164 105.23 105.187 105.202 105.15 105.173 105.211 105.19 102.34 94.1466 94.1355 94.1244 94.1131 94.0863 94.0407 93.983 93.9204 93.86 93.7695 93.74 93.7972 93.7704 93.74 93.7062 93.6742 93.71 93.6238 93.6404 93.765 93.6736 93.6961 93.7203 93.7934 93.8946 93.9958 93.99 93.9813 94.0294 94.0624 94.0474 94.01 93.8937 93.7901 93.8359
94.2639 94.25 94.228 94.24 94.18 94.0776 94.1119 94.1462 94.1651 94.1212 94.0773 94.0333 93.9894 94.01 93.96 93.864 94 94.017 94.0935 105.228 103.518 105.197 105.172 105.167 105.176 105.174 105.11 105.17 105.258 105.117 105.23 105.095 104.907 105.37 105.14 94.1533 94.1199 94.098 94.0712 94.0397 94.04 93.896 93.8206 93.7451 93.7273 93.7374 93.7053 93.6732 93.775 93.6426 93.66 93.7 93.75 93.83 93.6378 93.6703 93.7359 93.837 93.9138 93.9681 93.9578 93.9965 94.0442 94.09 94.08 93.97 94.06 93.8158 93.7313
94.1979 94.2203 94.2279 94.172 94.1633 94.105 94.13 94.1374 94.1585 94.1146 94.0707 94.03 94.05 93.9436 93.9107 94.02 93.9474 94.0239 94.12 94.1 105.2 105.193 105.231 105.178 105.114 105.146 105.224 105.272 105.73 105.243 105.13 105.057 105.213 105.267 94.1375 94.1264 94.1097 94.09 94.0561 94.0226 93.9022 93.8632 93.8 93.7207 93.7044 93.6736 93.77 93.6659 93.6621 93.6583 93.76 93.7409 93.8068 93.82 93.77 93.86 93.7387 93.8156 93.8857 93.8766 93.99 93.9742 94.0275 94.0812 93.9954 94.05 93.8666 93.8017 93.7359
94.1602 94.1706 94.1782 94.1603 94.07 94.0543 94.0943 94.1286 94.1519 94.108 94.0641 94.0285 93.9959 93.9634 93.8943 93.8658 94.01 94.0308 95.9128 105.335 105.21 105.278 105.15 105.459 105.411 105.153 105.106 105.542 105.182 105.113 105.136 105.173 105.181 105.143 94.1329 94.1214 94.0946 94.068 94.042 93.9993 93.8656 93.84 93.7213 93.79 93.6931 93.73 93.75 93.8 93.79 93.6739 93.79 93.7919 93.8383 93.8073 93.7602 93.83 93.7174 93.7942 93.84 93.8566 93.9054 93.9542 94.0048 94.0585 93.9864 94.06 93.831 93.7666 93.7022
94.14 94.1209 94.118 94.1031 94.0049 94.05 94.0641 94.1102 94.1458 94.1133 94.0808 94.0482 94.07 93.97 93.88 93.8665 93.9504 94.05 94.1 101.408 105.828 105.84 104.975 105.855 105.855 105.917 106.11 105.795 105.875 105.57 105.38 105.133 105.246 102.226 105.143 94.1063 94.0799 94.0539 94.0279 94 93.83 93.8 93.78 93.7397 93.85 93.7049 93.79 93.6972 93.6934 93.7111 93.83 93.821 93.8515 93.8044 93.7573 93.7103 93.696 93.74 93.7878 93.8366 93.94 93.9343 93.9831 94.0358 94.0019 93.8855 93.7953 93.92 93.8
94.0636 94.0712 94.0577 94.0429 94.01 93.982 94.028 94.0728 94.1046 93.9675 94.0269 94.068 94.0035 93.9273 93.8798 93.86 93.9018 93.9821 94.0369 99.6437 103.507 97.87 106.542 106.36 106.42 106.362 106.383 106.64 106.227 106.133 106.22 106.407 105.897 100.132 94.13 94.0919 94.0659 94.0399 94.0124 93.9379 93.7813 93.7237 93.7503 93.79 93.7871 93.8 93.7192 93.77 93.73 93.7604 93.81 93.847 93.8486 93.8015 93.7544 93.726 93.85 93.86 93.86 93.85 93.8654 93.9143 93.9631 94.0131 94.0174 93.901 93.84 93.6953 93.6377
94.0138 94.07 93.9975 93.9827 93.9678 94.03 93.9906 94.0224 94.0543 93.9514 93.88 93.9647 93.903 93.8384 93.8622 93.8721 93.882 93.8929 93.9266 98.9831 107.185 105.565 107.26 107.016 106.981 107.062 106.983 106.808 106.866 106.668 106.485 105.951 104.855 94.1342 94.1003 94.0728 94.0453 94.0178 93.9902 93.8819 93.7401 93.7608 93.7905 93.8201 93.88 93.8049 93.771 93.7371 93.7431 93.93 93.8297 93.873 93.89 93.8513 93.8579 93.8392 93.8392 93.8682 93.882 93.8382 93.8455 93.8943 93.9431 93.9919 94.033 93.9165 93.8001 93.6836 93.6142
93.9641 94.09 93.9373 93.985 93.95 93.9084 93.9402 93.9721 94.0039 93.985 93.8452 93.8456 93.7983 93.8246 93.8446 93.86 93.87 93.94 93.8176 93.76 107.509 107.75 107.806 107.599 107.342 107.55 107.603 107.517 107.253 107.16 107.493 104.577 107.043 94.16 93.9948 94.0268 94.0231 93.9956 93.968 93.8249 93.915 93.7621 93.8298 93.8604 93.89 93.92 93.83 93.83 93.93 93.86 93.92 93.9163 93.8597 93.8385 93.8197 93.801 93.8073 93.8363 93.8653 93.8943 93.9233 93.9523 93.9231 93.9719 94.0214 94.02 94.005 93.7803 93.75
93.9068 94.08 94.01 93.9554 93.9146 93.92 93.8995 93.9287 93.9579 93.9531 93.8598 93.7688 93.7771 93.87 93.8269 93.8368 93.845 93.7858 93.7684 109.5 109.365 108.407 108.171 108.222 108.26 108.205 107.96 108.03 107.936 107.748 107.425 107.603 106.37 98.32 93.9089 93.9256 93.9424 93.9628 93.94 93.8755 93.92 93.79 93.7465 93.8143 93.882 93.9 93.781 93.8378 93.8946 94 93.9835 93.9826 93.94 94.01 93.89 93.88 93.7755 93.8044 93.8334 93.8624 93.8914 93.9204 93.9494 93.9794 94.0095 94.015 93.9972 93.8695 93.7373
94.0451 94.0517 94.0109 94 93.98 93.8884 93.8686 93.8978 93.91 93.8976 93.8935 93.9 93.7634 93.7971 93.82 93.7934 93.85 93.88 93.87 107.475 109.545 108.969 108.678 108.43 108.785 108.405 108.564 108.46 108.707 108.614 108.404 108.546 93.91 101.863 93.832 93.8488 93.8656 93.938 93.9348 93.9237 93.8839 93.8441 93.804 93.7606 93.7516 93.803 93.9 93.95 94.12 94.0303 94.13 94.15 93.9923 93.929 93.8571 93.8767 93.88 93.85 93.89 93.8704 93.9006 93.9307 93.9609 93.991 93.9608 93.9656 93.9241 93.8124 93.6802
94.0874 94.0838 94.0403 93.9969 94.005 93.91 93.98 93.92 93.8308 94.02 93.95 93.935 93.809 93.785 93.78 93.7924 93.85 93.8379 93.8606 105.03 105.125 108.567 108.177 108.143 108.44 108.357 108.484 108.401 108.408 108.383 108.623 109.365 108.885 104.21 105.255 93.8201 93.94 93.97 93.8924 93.9373 93.9215 93.8817 93.8419 93.86 93.87 93.8685 93.99 93.9852 94.19 94.1018 94.1556 94.0877 94.0158 94.01 93.8719 93.8 93.7802 93.812 93.8459 93.8799 93.9122 93.9423 93.9725 94.0026 93.8318 93.8783 93.8434 93.7364 93.6231
94.1131 94.1201 94.0767 94.13 94.01 93.9464 94.13 93.8957 93.94 93.8599 93.842 93.91 93.8063 93.88 93.8157 93.8385 93.8612 93.8839 101.807 93.99 101.663 107.796 107.472 107.645 107.81 107.854 107.973 107.854 108.157 108.082 108.188 108.198 107.002 102.258 93.995 93.9357 93.9687 93.955 93.85 93.8949 93.9398 93.92 93.8795 93.8684 93.8829 93.9253 94.05 94.042 94.0975 94.1444 94.2 94.0939 94.1 94.02 94.02 93.88 93.7881 93.865 93.8486 93.8826 93.9165 93.9505 93.9841 93.9354 93.935 93.96 93.8155 93.6843 93.5531
94.1389 94.1565 94.1131 94.12 94.0262 94.12 94.13 93.9463 93.9285 93.99 93.97 93.8748 93.87 93.97 93.8618 93.905 93.9073 93.93 93.9436 93.9384 102.617 106.85 107.133 107.197 107.324 107.353 107.24 107.386 107.24 107.593 107.451 106.967 105.35 105.41 94.0062 93.9577 93.9239 93.8985 93.8076 93.8525 93.8974 93.9423 93.95 93.9436 93.9581 93.9822 94.0395 94.0864 94.1333 94.1802 94.1592 94.16 94.0323 93.9688 94.03 93.99 93.796 93.88 93.843 93.89 93.9036 93.934 93.9643 93.9962 93.9771 93.9636 93.8548 93.741 93.6273
94.1646 94.1929 94.18 94.11 94.0755 94.0489 94.0223 93.997 94.04 93.9612 93.9433 93.9182 93.93 93.8314 93.92 93.9306 93.9534 93.9761 94.06 93.9795 93.9744 106.57 106.585 106.453 106.599 106.83 106.868 106.967 107.037 106.845 106.898 106.87 101.309 93.91 94.0215 93.9068 93.864 93.94 93.86 93.92 93.84 93.8754 93.9305 93.882 93.9054 93.9712 94.038 94.0789 94.1198 94.1631 94.1688 94.1033 94.09 93.9723 94.01 93.8437 93.8039 93.93 93.814 93.8443 93.88 93.91 93.9592 94.0051 93.986 94.02 93.9797 93.8817 93.768
94.1903 94.2292 94.27 94.1545 94.1279 94.1013 94.0747 94.21 94.0297 94.0119 93.9899 94.02 94.01 94.02 93.8774 93.985 93.9995 94.0222 105.115 94.14 105.913 104.223 106.003 105.96 106.475 106.269 106.304 106.315 106.047 106.331 106.373 104.641 98.659 94.0922 94.0851 94.05 93.9116 93.8829 93.94 93.7391 93.7508 93.8007 93.8568 93.8815 93.88 93.8876 94.0113 94.0522 94.0943 94.1416 94.1804 94.18 94.0494 93.9839 93.925 93.8074 93.7957 93.8515 93.91 93.9 93.8456 93.92 93.9563 94.014 93.995 93.9867 93.9888 94 93.9086
94.216 94.2595 94.2335 94.2069 94.22 94.1536 94.127 94.24 94.0804 94.0616 94.0182 93.9747 93.9313 93.8879 93.89 93.9579 94.0322 94.0683 94.11 105.365 105.283 105.353 105.183 105.133 105.18 105.591 105.616 105.677 105.704 105.71 105.97 101.747 101.803 94.1204 94.1331 94.034 94.07 93.9855 93.935 93.7893 93.6961 93.7261 93.7824 93.8386 93.8294 93.804 93.9847 94.0256 94.0727 94.1201 94.1513 94.0749 93.99 93.98 93.8063 93.7649 93.85 93.8381 93.8995 93.93 93.8167 93.8721 93.9535 94.023 94.0062 94 93.9979 94.005 94.012
94.25 94.2603 94.2478 94.2354 94.223 94.206 94.25 94.1527 94.17 94.095 94.0464 94.003 93.9533 93.9026 93.9 93.9685 94.0412 94.1104 99.6835 105.1 105.121 105.05 105.139 105.158 105.235 105.223 105.205 105.151 105.252 105.197 105.07 105.13 100.425 94.1485 94.1613 94.18 94.0664 93.9775 93.8735 93.7579 93.74 93.6866 93.7064 93.7626 93.7719 93.8228 93.958 94.0032 94.0237 94.0441 94.0398 93.9669 93.8939 93.8051 93.7444 93.7422 93.8 93.783 93.8805 93.8735 93.7878 93.8692 93.9506 94.0319 94.04 94.012 94.0071 94.01 93.9354
94.2341 94.2458 94.2334 94.2226 94.2118 94.2009 94.1901 94.19 94.1449 94.11 94.0403 93.9897 93.939 93.8884 93.9163 93.9889 94.0533 94.16 105.415 105.138 105.116 105.114 105.149 105.1 105.16 105.199 105.194 105.276 105.21 105.107 105.17 105.21 105.175 94.1766 94.1755 94.1489 94.0249 94.01 93.92 93.7264 93.6894 93.6786 93.7 93.6867 93.716 93.8276 93.8877 93.9164 93.9369 93.9573 93.9247 93.8517 93.81 93.7314 93.7217 93.75 93.7172 93.728 93.8004 93.7463 93.86 93.8608 93.946 94.0292 94.0298 94.0131 93.9911 93.8359 93.8152
94.2177 94.2439 94.2419 94.231 94.2202 94.2093 94.1985 94.1877 94.1466 94.1 94.0322 93.995 93.9248 93.8742 93.9366 93.9948 94.053 94.1113 99.69 105.152 105.158 105.12 105.148 105.203 105.13 105.206 105.254 105.74 105.101 105.08 105.152 105.206 94.21 94.1728 94.1152 94.1272 94.0674 93.8976 93.8057 93.72 93.6862 93.6705 93.76 93.73 93.75 93.72 93.7753 93.8297 93.8501 93.8705 93.8096 93.77 93.718 93.7479 93.7779 93.7516 93.7217 93.6923 93.7076 93.7283 93.7613 93.8465 93.9316 94.0295 94.0099 93.9932 93.9736 93.88 93.7547
94.1987 94.2247 94.2494 94.2394 94.2286 94.2178 94.2069 94.1961 94.1483 94.12 94.0339 93.9933 93.9195 94.0067 93.9363 93.9946 94.09 94.111 105.203 105.193 105.17 105.204 105.156 105.102 105.177 105.226 105.334 105.304 105.159 105.14 105.163 105.128 101.458 94.1124 94.0618 94.0862 94.1105 93.986 93.8162 93.708 93.97 93.6625 93.6984 93.7427 93.7147 93.6867 93.6629 93.7231 93.77 93.7674 93.6944 93.7046 93.81 93.7645 93.7945 93.8128 93.7828 93.835 93.79 93.86 93.7469 93.8321 93.9474 94.0126 93.9921 93.9733 93.9562 93.835 93.7632
94.1798 94.2055 94.2302 94.2479 94.237 94.2262 94.2153 94.2045 94.2 94.0928 94.065 93.9784 93.9304 94.02 93.9576 94.15 94.0526 94.1108 104.238 105.26 105.12 105.139 105.147 105.173 105.169 105.235 105.2 105.221 105.205 105.183 105.075 105.193 94.08 94.052 94.0208 94.0451 94.0694 94.0743 93.9045 93.9884 93.8914 93.92 93.7853 93.7844 93.7564 93.7284 93.785 93.69 93.72 93.6613 93.6913 93.7212 93.7512 93.7811 93.8111 93.841 93.8439 93.88 93.7569 93.845 93.7326 93.8514 93.9734 94 93.9752 93.9548 93.9366 93.92 93.8571
94.1608 94.1863 94.211 94.2357 94.2454 94.2346 94.2237 94.2089 94.22 94.0945 94.0374 93.9914 93.9532 93.97 93.9861 94.0327 95.3279 100.855 105.162 105.07 105.166 105.163 105.116 105.134 105.172 105.164 105.17 105.235 105.25 105.17 105.154 102.92 99.2017 105.29 93.9797 94.004 94.0284 94.07 94.0452 94.0021 93.9589 93.86 93.92 93.8261 93.7981 93.7702 93.7383 93.6875 93.6614 93.6618 93.72 93.73 93.765 93.7502 93.7825 93.8147 93.8494 93.8853 93.8432 93.87 93.92 93.93 93.9963 93.9587 93.95 93.97 93.8792 93.8035 93.7862
