data/512.grd
ncols         512
nrows         512
xllcorner	618360
yllcorner	6754408
cellsize	 1
NODATA_value	-9999
[rows 150 to 179 of 512, columns 345 to 413 of 512]
95.1394 95.22 95.2956 95.29 95.302 95.28 95.2428 95.2131 95.25 95.1828 95.2367 95.2872 95.3378 95.3884 95.42 95.3731 95.25 95.2305 95.1758 95.0895 95.0031 95.0167 94.9082 94.9461 94.984 95.0218 95.0597 95.09 94.8483 94.91 94.9168 94.951 95.0132 94.9991 94.9928 94.9866 94.9803 94.965 94.7978 94.9111 94.9367 94.8572 94.8039 94.89 95 94.942 94.8656 94.94 94.7647 94.91 94.85 94.7842 94.8306 94.8031 94.885 94.89 94.93 94.8108 94.91 94.89 94.83 94.7795 94.78 94.9 94.756 94.774 94.905 94.8849 94.9403
95.0839 95.14 95.1453 95.2884 95.2601 95.2318 95.2035 95.1722 95.0979 95.17 95.2238 95.2743 95.3249 95.3755 95.3659 95.3353 95.2934 95.25 95.17 95.0677 94.9817 94.9224 94.9156 94.9271 94.96 94.9761 95.0006 94.92 94.97 94.99 94.858 94.99 95.0135 94.99 94.9625 94.9563 94.9501 94.8098 94.93 94.985 94.96 94.8976 94.92 94.9015 94.98 94.9208 94.9 94.89 94.799 94.7765 94.7842 94.7918 94.91 94.8844 94.97 94.96 94.8063 94.8012 94.94 94.7856 94.7778 94.7797 94.7929 94.92 94.9 94.87 94.7777 94.8854 94.9389
95.1284 95.1 95.0718 95.2391 95.2259 95.1971 95.1228 95.185 94.9741 95.0777 95.21 95.2614 95.312 95.3586 95.328 95.2974 95.2668 95.2282 95.24 95.084 95.07 94.99 94.9683 94.99 94.9546 94.9478 94.9405 94.9154 95.06 94.995 94.8784 95.005 95.04 94.9731 94.9324 94.926 94.885 94.836 94.99 94.8604 94.9025 94.9207 94.92 94.9153 95.02 94.8997 94.9156 94.8716 94.93 94.9 94.7917 94.93 94.8687 94.947 94.9093 94.853 94.98 94.814 95.01 94.91 94.8537 94.93 95.01 94.8934 94.8728 94.95 94.9 94.8175 94.89
95.0105 95.0032 95.1256 95.1279 95.1165 95.0733 94.999 94.9247 94.8997 95.0052 95.1108 95.2163 95.2991 95.3207 95.2901 95.2387 95.1835 95.17 95.1863 95.1307 95.18 95.1 95.021 95.0141 95.0073 94.9982 95.045 94.9837 95.015 94.8904 94.9061 95.0035 95.0141 94.9734 94.9327 94.8958 94.874 94.89 94.9848 95.06 94.87 94.8859 94.8988 94.9008 94.97 94.8785 95.0037 95 95.02 95.01 94.815 94.81 94.8887 94.9735 95.04 94.9857 94.975 94.8778 94.9053 94.9278 94.941 94.9543 95.03 94.9538 94.99 94.9057 94.8893 94.94 94.8573
94.9674 94.9123 94.8744 94.8804 94.8685 94.9495 94.8752 94.8009 95.11 94.9328 95.0383 95.1438 95.2441 95.2381 95.1821 95.1261 95.0701 95.0194 95.0844 95.1833 95.0991 95.0855 95.09 95.0649 95.0558 95.0467 95.0453 95.0474 95.1 95.02 94.9393 95.025 95.05 94.9781 94.98 95.02 94.94 94.94 95.0418 94.8671 94.8876 94.8976 94.97 95.14 95.0457 95.0574 95.06 95.0409 95.06 95.03 94.91 94.8664 94.8769 94.9839 95.0381 95.0292 95.0203 95.025 94.954 94.9815 95.009 95.0365 95.0348 95.0107 94.9867 94.9626 94.9451 94.995 94.9131
94.7923 94.7488 94.7054 94.6619 94.628 94.7056 94.7515 94.6772 94.7548 94.8603 94.9538 95.0068 95.0598 95.076 95.02 94.964 94.9176 94.8749 94.8294 94.9297 94.9375 95.0522 95.061 95.0836 95.1043 95.11 95.0993 95.1014 95.0808 95.058 95.0351 95.0084 95.0118 95.0215 95.0204 95.0125 95.0302 95.048 95.11 94.92 94.9466 95 95.0865 95.0571 94.9839 94.9268 95 95.0153 95.0595 95.0329 95.07 94.9862 95.12 94.8684 94.9042 95 94.9963 95.0442 95.046 95.0302 95.06 95.0632 95.0697 95.0677 95.0436 95.0195 95.0009 95 94.9574
94.6288 94.6076 94.6121 94.6167 94.6212 94.5402 94.6 94.5768 94.6636 94.7166 94.7696 94.8226 94.8756 94.9139 94.858 94.8125 94.7873 94.7304 94.6631 94.6747 94.7689 94.9577 95.0116 95.0342 94.9833 94.919 94.8844 94.872 94.9253 94.9397 94.9168 94.892 94.8925 94.9021 94.9516 95.0512 95.0757 95.1003 95.0806 94.9411 94.9915 94.9674 94.9483 94.9104 94.8372 94.8457 94.8899 94.9342 94.9784 95.0226 95.0602 95.0979 95.0856 94.8652 94.8549 94.8907 94.9265 94.9623 94.9981 95.0091 95.0468 95.0798 95.0863 95.0928 95.0993 95.0765 95.1 95.0332 95.1
94.671 94.6756 94.6801 94.6847 94.6892 94.6121 94.5014 94.5194 94.5134 94.552 94.5906 94.6384 94.6914 94.7444 94.7074 94.6822 94.6531 94.5859 94.5186 94.52 94.5862 94.7654 94.8744 94.8178 94.7542 94.6898 94.6365 94.6717 94.725 94.7784 94.7987 94.7756 94.7731 94.7986 94.9528 95.0714 95.096 95.1206 95.0491 94.9372 94.9523 94.8291 94.8101 94.7637 94.7203 94.7646 94.8088 94.853 94.8924 94.9293 94.9668 95.0044 95.0158 94.8968 94.8056 94.8414 94.8772 94.913 94.8655 94.906 94.9449 94.9815 95.0181 95.0547 95.0913 95.1224 95.109 95.0754 95.0418
94.7381 94.7436 94.7481 94.7527 94.7572 94.7618 94.59 94.523 94.5127 94.5023 94.4959 94.61 94.5731 94.6113 94.5774 94.5518 94.5086 94.51 94.5176 94.615 94.5622 94.5542 94.65 94.5572 94.5421 94.5456 94.5605 94.63 94.531 94.5781 94.6314 94.6575 94.6537 94.7998 94.954 95.0917 95.1163 95.0959 95.0153 94.9333 94.8965 94.7256 94.6718 94.6171 94.6392 94.7 94.7249 94.7618 94.7988 94.8358 94.8733 94.9014 94.8991 94.8968 94.7563 94.7921 94.8279 94.7574 94.7624 94.8029 94.8431 94.8797 94.9163 94.9529 94.9895 95.0303 95.077 95.0603 95.0436
94.7236 94.7613 94.799 94.8207 94.8252 94.89 94.6089 94.5263 94.5162 94.5059 94.515 94.4852 94.4785 94.4946 94.4607 94.4457 94.4994 94.5873 94.6575 94.6824 94.6096 94.5548 94.5555 94.5983 94.6641 94.6621 94.695 94.73 94.6386 94.6239 94.6075 94.5781 94.6467 94.801 94.9553 95.1095 95.1366 95.0621 94.9815 94.9294 94.8407 94.7477 94.66 94.5138 94.5574 94.5944 94.6313 94.6683 94.7052 94.7422 94.7798 94.7847 94.7824 94.7801 94.7397 94.7428 94.6538 94.6188 94.6593 94.6998 94.7402 94.7778 94.8144 94.851 94.892 94.9557 94.9989 95.0008 94.9841
94.7091 94.7468 94.7845 94.8222 94.8599 94.8977 94.92 94.5191 94.53 94.57 94.5077 94.61 94.53 94.4824 94.4705 94.54 94.57 94.5677 94.6512 94.5776 94.5359 94.73 94.64 94.5382 94.5921 94.6602 94.6736 94.7157 94.6863 94.6569 94.64 94.68 94.72 94.7733 94.9547 95.1107 95.15 95.0283 94.9477 94.89 94.7849 94.6918 94.3954 94.48 94.55 94.5008 94.58 94.5747 94.6117 94.6487 94.6702 94.6679 94.6656 94.6634 94.6615 94.5502 98.205 95.7733 94.5562 100.61 102.725 94.676 99.265 94.7538 94.8174 94.8811 94.9184 94.9413 94.9246
94.6946 94.7323 94.77 94.8077 94.8449 94.8804 94.8792 94.6814 94.73 94.59 94.64 94.5667 94.5396 94.5108 94.4948 94.595 94.55 94.5444 94.64 94.5169 94.54 94.5185 94.5193 94.5201 94.5209 94.5859 94.625 94.6219 94.7063 94.71 94.65 94.5999 94.604 94.7376 94.9187 94.9927 94.898 94.8614 94.8248 94.754 94.6649 94.6144 94.53 94.3864 94.401 94.4158 94.5 94.4811 94.5181 94.5553 94.5535 94.5514 94.5528 94.5543 94.56 94.4257 94.448 102.15 94.453 102.46 97.79 99.0533 95.355 94.6791 94.7428 94.8019 94.8379 94.8739 94.8651
94.6801 94.7178 94.7533 94.7889 94.8244 94.8599 94.8401 94.7678 94.7004 94.6239 94.66 94.61 94.5704 94.5394 94.59 94.5071 94.4911 94.5135 94.51 94.4988 94.4996 94.5004 94.5012 94.66 94.5027 94.5115 94.5415 94.5842 94.6602 94.6255 94.5806 94.5647 94.6816 94.7328 94.6076 94.6655 94.6606 94.5299 94.6 94.6658 94.6097 94.5601 94.479 94.396 94.55 94.46 94.4733 94.436 94.495 94.4604 94.4479 94.4456 94.4471 94.4485 94.4613 97.075 94.4698 94.49 98.56 99.49 103.35 102.65 103.45 94.6045 94.6681 94.7214 94.7574 94.7934 94.8056
94.6618 94.6973 94.7329 94.7684 94.8039 94.8185 94.7973 94.7504 94.554 94.578 94.6281 94.6321 94.64 94.69 94.5515 94.58 94.5332 94.68 94.5072 94.63 94.65 94.4921 94.6 94.4838 94.57 94.6 94.6 94.5479 94.5928 94.5614 94.565 94.6345 94.6597 94.6635 94.5502 94.6166 94.618 94.469 94.4834 94.6002 94.572 94.5261 94.5011 94.448 94.46 94.3974 94.4121 94.4302 94.4778 94.4907 94.4848 94.4723 94.4598 94.46 94.4641 94.5158 99.265 94.4624 101.065 94.6588 94.6089 98.815 94.55 94.5299 94.5935 94.6409 94.6769 94.713 94.7461
94.6413 94.6768 94.7124 94.7479 94.7834 94.7758 94.7545 94.7447 94.5193 94.4674 94.5089 94.559 94.6191 94.6009 94.61 94.6379 94.6565 94.6505 94.5458 94.5407 94.5357 94.55 94.5256 94.5206 94.5155 94.62 94.5173 94.4805 94.58 94.4972 94.5614 94.65 94.6117 94.5835 94.5641 94.6349 94.61 94.4343 94.4542 94.56 94.57 94.4921 94.51 94.58 94.4169 94.43 94.43 94.467 94.5111 94.5153 94.5194 94.5093 94.4968 94.51 94.4026 94.485 94.4227 94.57 103.135 94.6025 103.14 102.625 94.5234 94.4673 94.5189 94.5604 94.5965 94.6325 94.6685
94.6208 94.6564 94.6919 94.7274 94.7542 94.733 94.7138 94.7121 94.64 94.519 94.4923 94.4605 94.4899 94.5486 94.5826 94.5897 94.598 94.6445 94.5843 94.63 94.5742 94.5692 94.5655 94.5627 94.66 94.67 94.6 94.5732 94.65 94.52 94.5134 94.5386 94.5638 94.5035 94.5779 94.6531 94.51 94.4051 94.425 94.54 94.51 94.4581 94.433 94.4833 94.4013 94.4226 94.4562 94.5038 94.54 94.5399 94.544 94.5463 94.5337 94.489 94.59 94.3828 94.4295 100.855 98.13 94.5551 97.8433 94.55 94.5 94.4695 95.5267 94.48 94.5156 94.5508 94.5861
94.636 94.6359 94.6714 94.7069 94.7115 94.6924 94.6752 94.6795 94.7033 94.5562 94.549 94.59 94.4854 94.51 94.4552 94.4721 94.535 94.5471 94.6228 94.63 94.6159 94.6131 94.67 94.6074 94.66 94.65 94.6304 94.6472 94.4635 94.5137 94.51 94.53 94.5158 94.5068 94.5917 94.67 99.8 100.06 94.42 100.28 94.59 96.3133 98.035 98.4 94.59 96.4167 94.5229 94.5449 94.5603 94.5645 94.5686 94.5728 94.5707 94.6 94.4329 99.25 94.4595 99.44 100.072 98.855 102.42 98.645 94.4604 94.4471 94.57 94.53 94.425 94.4589 94.5615
94.6621 94.6599 94.6578 94.6864 94.671 94.6538 94.6365 94.6469 94.6926 94.5933 94.5861 94.5741 94.5422 94.5102 94.59 94.4546 94.54 94.4566 94.5671 94.5919 94.6097 94.6276 94.6454 94.652 94.6533 94.6591 94.6602 94.665 94.4823 94.5996 94.5371 94.4584 94.4679 94.5206 94.6163 94.71 94.51 94.4439 100.075 97.39 100.29 100.31 94.7 102.285 102.02 98.35 94.6011 97.2467 95.95 94.5668 94.5765 94.5863 94.596 94.577 98.25 96.79 97.45 101.55 102.93 94.4776 99.3733 99.84 97.6467 94.5282 94.5178 94.4533 94.48 94.4796 94.5805
94.6674 94.6622 94.6571 94.6811 94.6324 94.6152 94.5979 94.6143 94.66 94.6542 94.6233 94.6161 94.599 94.63 94.453 94.4558 94.4834 94.383 94.4934 94.5234 94.5413 94.5591 94.577 94.6349 94.6194 94.6264 94.6424 94.664 94.6475 94.6184 94.705 94.5604 94.4553 94.58 94.6652 94.6036 99.6867 97.69 97.655 94.67 97.335 97.69 94.5934 94.6142 94.6353 102.23 94.6392 94.5972 94.5552 94.5562 94.566 94.5757 94.5787 94.5377 102.48 101.3 94.5979 94.5883 94.57 99.3575 94.62 94.4621 98.79 96.865 94.542 94.5381 94.4737 94.5097 94.5923
94.6297 94.6245 94.6193 94.6787 94.6591 94.5908 94.69 94.585 94.68 94.6731 94.68 94.6451 94.605 94.6008 94.4687 94.3863 94.47 94.4142 94.4199 94.455 94.5 94.53 94.59 94.5977 94.5766 94.5556 94.5717 94.62 94.6352 94.6776 94.714 94.5942 94.56 94.5861 94.6235 94.62 94.5709 94.6889 98.235 101.14 100.505 94.7 101.51 102.14 99.4167 94.6935 99.4133 97.79 94.5674 99.76 94.5554 96.93 101.59 94.5077 100.438 94.57 96.6833 101.895 94.5842 94.5969 94.6033 99.56 98.53 94.53 94.4518 94.5314 94.5585 94.5398 94.5958
94.592 94.5868 94.5816 94.6647 94.7055 94.6371 94.5688 94.52 94.5431 94.582 94.62 94.5798 94.5406 94.55 94.3939 94.46 94.48 94.3576 94.3462 94.3866 94.4634 94.5452 94.5761 94.5549 94.5338 94.5127 94.5009 94.55 94.5639 94.6062 94.6548 94.6147 94.63 94.5292 94.5272 94.5374 94.585 97.3033 98.33 94.7812 97.7325 100.94 100.805 94.7747 94.7477 94.7057 101.525 98.66 97.1333 97.33 94.57 94.5546 101.28 94.4778 98.31 94.4094 97.94 94.4974 97.3333 102.41 98.715 94.5438 94.5104 96.175 94.5 94.455 94.5203 94.5789 94.5992
94.5976 94.5491 94.5439 94.6508 94.7518 94.6835 94.72 94.581 94.5329 94.4849 94.4821 94.5144 94.4804 94.4014 94.3893 94.3772 94.3651 94.44 94.3637 94.53 94.54 94.5544 94.5332 94.5121 94.491 94.47 94.4487 94.4502 94.58 94.5344 94.5867 94.6269 94.4841 94.5294 94.5396 94.5499 94.6141 101.08 98.545 100.4 99.955 94.8043 101.637 98.345 101.275 100.865 101.395 94.634 98.785 94.5499 94.5343 99.6667 94.489 98.31 103.05 94.68 99.9667 102.02 97.5 98.325 94.52 94.5154 96.01 94.4922 94.4535 95.8 94.4179 94.4958 94.5119
94.6701 94.5639 94.5061 94.6368 94.7982 94.83 94.69 94.6419 94.5939 94.5458 94.68 94.4497 94.5 94.4084 94.46 94.4099 94.4106 94.515 94.4097 94.4583 94.5383 94.5272 94.5084 94.4897 94.4709 94.4521 94.4334 94.5 94.57 94.4639 94.5052 94.4867 94.4445 94.55 94.5521 94.5623 94.6432 101.495 94.875 100.77 94.8292 94.8286 97.2 100.855 94.7425 97.915 99.87 98.775 98.595 98.565 97.89 99.5867 94.5396 100.616 94.6159 94.75 101.27 94.4034 99.21 97.4467 94.5036 94.5296 95.4433 94.4895 94.4541 95.805 94.3833 94.3899 94.4625
94.7426 94.645 94.5556 94.6237 94.8121 94.7506 94.6892 94.68 94.5662 94.5197 94.5008 94.64 94.53 94.4563 94.457 94.4577 94.49 94.4567 94.4556 94.498 94.5477 94.5411 94.5223 94.54 94.4848 94.4661 94.47 94.53 94.4057 94.4052 94.4167 94.4281 94.4444 94.51 94.5554 94.5748 94.6596 96.74 99.6767 99.36 97.81 100.61 102.27 100.465 94.7158 97.885 94.754 94.7142 99.205 94.5281 94.5297 100.86 98.445 102.17 94.7484 102.96 103.13 94.4638 97.5733 94.53 94.58 94.5438 94.57 94.4867 94.4514 94.416 94.51 94.49 94.413
94.8402 94.8044 94.83 94.7 94.7248 94.6633 94.68 94.6154 94.5965 94.5776 94.5587 94.5397 94.5208 94.5041 94.505 94.505 94.5038 94.5027 94.5015 94.5376 94.554 94.555 94.57 94.5175 94.4987 94.53 94.4584 94.51 94.4465 94.4462 94.4801 94.56 94.5089 94.5319 94.555 94.5873 99.98 100.355 94.8309 94.8784 94.8778 101.305 99.31 97.375 94.689 98.31 94.7272 97.76 99.15 94.6234 98.5283 94.7577 100.89 94.6118 94.5826 94.596 101.37 99.558 100.24 96.965 97.455 94.5544 94.5192 94.4839 94.4487 94.4133 94.3779 94.3888 94.4057
94.7364 94.7368 94.7605 94.6893 94.7045 94.6892 94.6739 94.6586 94.6433 94.628 94.6127 94.67 94.5787 94.5598 94.552 94.5509 94.56 94.5486 94.5474 94.56 94.5604 94.562 94.57 94.5313 94.5111 94.5063 94.5014 94.4966 94.5 94.4868 94.5286 94.5549 94.63 94.5964 94.5846 94.59 97.0033 94.7546 97.0475 94.9027 100.005 98.755 98.68 94.684 100.275 97.57 94.7005 98.765 94.7387 99.82 96.32 94.7114 98.65 101.145 99.945 100.345 94.6165 94.6171 94.65 98.155 94.5463 97.1733 94.5164 94.4812 94.4459 94.4107 94.39 94.4049 94.4866
94.6578 94.75 94.66 94.6428 94.6961 94.6927 94.6774 94.6621 94.6468 94.6314 94.6161 94.61 94.5855 94.56 94.5586 94.5266 94.5025 94.595 94.5062 94.5081 94.5325 94.5572 94.566 94.5611 94.5563 94.5514 94.5466 94.5417 94.54 94.532 94.5628 94.6111 94.6085 94.5668 94.63 94.4833 97.46 97.73 101.07 98.73 102.94 100.29 99.37 100.147 98.18 94.6547 97.265 96.68 94.641 97.715 99.05 94.5722 99.64 94.5981 99.325 101.55 94.6467 100.146 100.64 97.705 94.5605 94.5489 94.5136 94.4784 94.4432 94.4079 94.4135 94.5083 94.61
94.5934 94.5823 94.5896 94.6168 94.6701 94.6961 94.6808 94.6655 94.6502 94.6349 94.62 94.6043 94.5571 94.564 94.5767 94.59 94.5127 94.4807 94.54 94.46 94.47 94.64 94.5775 94.58 94.5641 94.5631 94.5621 94.5612 94.5602 94.5592 94.5434 94.556 94.5707 94.5217 94.4655 94.4238 94.5323 98.52 100.212 94.9321 99.01 104.21 98.245 103.18 97.6833 102.62 94.5344 98.9833 94.4388 94.4654 94.5059 101.73 100.015 94.5844 99.96 100.455 94.7138 94.7787 94.84 99.175 94.5748 94.5461 94.5111 94.4768 94.4426 94.4139 94.4372 94.5954 94.55
94.5613 94.5724 94.5953 94.6141 94.6441 94.6974 94.6843 94.669 94.6536 94.6383 94.6201 94.566 94.5386 94.5759 94.5949 94.5629 94.63 94.56 94.4668 94.4348 94.4623 94.6278 94.5955 94.5612 94.5602 94.5592 94.5583 94.5573 94.5563 94.5443 94.5136 94.5007 94.4907 94.5054 94.4519 94.4121 97.67 102.33 94.709 97.02 99.6933 99.55 99.655 101.355 94.4815 101.6 98.225 94.4622 101.96 98.6275 103.14 95.485 94.5535 94.5683 94.5284 94.612 99.7 99.12 94.7303 98.78 97.3933 94.5473 94.5131 94.48 94.4526 94.4321 100.7 101.2 103.43
94.5552 94.5781 94.601 94.6196 94.6378 94.6714 94.6877 94.6724 94.6571 94.6291 94.575 94.521 94.5505 94.5878 94.6131 94.581 94.549 94.517 94.5023 94.5355 94.5688 94.67 94.6134 94.5788 94.5564 94.5554 94.5544 94.5534 94.5524 94.5185 94.4838 94.4709 94.57 94.4452 94.4392 94.5084 94.5146 100.755 104.4 98.15 104.44 99.51 98.92 103.885 98.985 100.453 96.365 94.4905 96.9533 98.58 94.5078 99.052 94.5374 99.3775 100.55 94.6 98.1333 94.6631 98.92 99.175 94.4909 94.5493 94.53 98.195 94.4708 98.665 101.09 94.5 104.06
