data/512.grd
ncols         512
nrows         512
xllcorner	618360
yllcorner	6754408
cellsize	 1
NODATA_value	-9999
[rows 90 to 119 of 512, columns 138 to 206 of 512]
94.8813 94.91 94.9211 95.05 95.033 95.089 95.1444 95.15 95.0753 95.0257 94.9907 94.9557 95.13 97.9962 100.44 100.73 95.091 95.0612 95.0353 95.0877 95.1402 95.1926 95.245 95.2866 106.09 95.1217 105.92 100.922 95.0356 95.15 94.9911 94.9779 95.03 94.9516 95.02 94.965 95.0896 95.085 94.9901 94.927 94.8788 94.9299 94.981 95.0311 95.0725 95 95.08 103.44 106.1 105.99 106.772 106.935 107.367 107.525 107.76 107.698 107.713 107.55 107.367 107.827 107.553 107.647 107.68 107.559 107.607 107.553 107.75 107.314 106.83
95.12 94.9289 94.9761 95.0233 95.13 95.1136 95.1277 95.126 95.1 95.0233 94.972 95.0698 95.1244 98.49 101.287 99.756 101.525 95.0617 95.0294 95.0725 95.1249 96.8161 105.288 106.347 106.497 106.565 104.937 106.235 106.52 95.0443 95.0183 94.9923 94.9663 94.9404 94.9144 94.9022 95.0558 94.9825 94.92 94.8688 94.965 95.01 94.94 94.9399 94.98 95.0201 97.1498 103.6 103.33 103.648 106.104 106.72 107.003 107.073 107.276 107.305 107.147 107.475 107.222 106.877 107.387 107.485 107.257 107.077 107.387 107.045 107.094 106.983 107.048
94.9654 94.9319 95.06 95.11 95.0735 95.078 95.18 95.1525 95.1012 97.79 97.89 95.1501 97.3279 102.39 102.375 100.356 95.0727 95.0622 95.0299 95.0572 95.1097 95.1621 102.655 106.915 107.057 106.973 106.907 106.437 106.426 106.16 105.69 95.0271 95.0011 94.9751 94.9491 95.0341 94.9743 94.8922 94.8662 94.8846 94.903 94.9201 94.9021 94.8335 94.8736 94.9671 95.0783 94.9382 94.9481 104.55 105.946 106.369 106.737 106.776 106.847 106.77 106.679 106.543 106.651 106.892 106.795 106.786 106.83 106.97 106.55 106.645 106.607 106.746 106.517
98.94 94.9349 94.9821 95.0293 95.0638 95.0423 95.076 95.1762 95.1277 97.2682 98.855 95.154 98.9852 99.635 102.031 101.329 102.872 95.0538 95.0304 95.05 95.0944 95.1468 101.993 107.32 107.417 107.387 107.218 107.46 106.714 106.262 104.44 101.707 95.0358 95.0098 95.0705 94.9979 94.8846 94.95 94.98 94.965 94.9188 94.94 94.8608 94.7272 94.83 94.9283 95.0395 95.05 94.9283 97.9388 102.139 106.177 106.083 106.205 106.363 106.438 106.459 106.301 106.233 106.007 106.125 105.341 106.07 106.261 106.275 103.955 103.173 106.42 104.3
98.6444 99.31 95.05 95.11 95.0281 95.0067 95.06 95.1589 95.1542 98.935 98.615 99.36 99.7701 103.54 102.563 103.065 101.9 98.1879 95.0309 95.0267 95.0792 95.1316 106.43 106.633 107.214 107.665 107.671 107.527 107.137 106.94 106.697 105.963 105.848 99.74 94.9994 95.013 95.11 94.8874 95.06 94.9189 94.95 94.97 94.96 94.7342 94.8024 94.9012 95.0006 95.0549 94.9867 94.97 94.9804 105.925 105.8 106.073 105.798 100.004 105.959 100.931 106.02 105.865 105.81 102.05 101.089 105.74 95.07 105.708 98.03 94.99 105.57
100.125 98.1004 100.255 95.0139 95.08 95.06 95.0412 95.17 95.1807 98.1239 100.04 100.088 101.878 102.807 103.096 103.4 103.47 98.1913 95.0258 95.0115 95.0639 95.052 102.974 106.793 107.068 108.095 108.283 107.633 107.213 107.51 106.617 106.557 105.476 105.97 105.565 103.15 95.1313 95.08 94.95 94.946 94.9617 94.9773 94.886 94.8286 94.96 94.9262 95.0249 94.9908 94.9617 94.9464 94.9085 94.9749 95.01 100.37 95.113 95.1378 95.1627 95.1876 95.2125 95.2209 95.2304 95.207 95.1904 95.1576 95.1248 95.0921 98.2037 103.037 94.9937
100.95 95.06 94.98 94.9783 94.9569 94.9354 95.0238 95.1241 95.2072 100.22 100.86 101.171 101.885 102.725 102.585 102.622 102.3 95.03 95.0166 94.9996 95.0487 103.323 106.33 106.887 107.95 108.187 108.112 107.745 107.61 107.57 107.29 106.82 106.78 106.308 104.848 99.3325 95.2638 95.0908 94.9563 94.9728 94.9884 95.004 95.04 94.9231 94.9054 95 95.0499 94.9157 94.8435 94.8644 94.9318 94.8982 95.6128 95.9542 95.0957 95.0742 95.0527 95.0479 95.1068 95.1656 95.1022 95.0343 95.0317 95.0291 95.0052 94.9725 95.9448 94.9544 94.984
99.4275 94.9369 95.0113 95.1 95.21 94.9703 95.05 95.1067 95.2069 99.2567 100.471 101.485 101.73 102.056 101.833 99.7277 95.0604 95.0386 95.0168 94.9978 94.9962 101.817 106.315 106.753 107.481 107.793 107.975 108.493 108.13 107.782 107.463 107.219 106.75 106.46 106.73 105.875 104.53 95.0872 95.07 94.9805 95.0031 95.0258 95.0353 95.0176 94.9998 94.99 95.05 94.847 94.9064 94.977 94.9192 94.8479 94.94 95.0726 94.9697 94.9203 94.9831 95.0419 95.1008 95.0363 94.9005 94.8617 94.9 94.8565 94.8799 94.8991 94.9307 94.9603 94.99
100.655 100.83 94.9776 95.1231 95.1723 95.3 95.2325 95.2398 95.1923 100.96 100.297 101.398 100.99 101.098 101.128 100.853 95.0947 95.0726 95.11 95.0285 95.08 106.02 106.022 106.712 107.22 107.51 107.802 108.094 108.347 108.02 107.8 107.68 107.235 107.005 106.636 106.26 104.075 100.733 100.075 94.982 95.01 94.9725 94.9576 94.975 94.9979 95.0207 94.9547 94.8678 95.0173 95.08 94.99 94.8067 94.9404 95.0157 94.9273 94.8817 94.9584 95.0351 94.99 94.91 94.805 94.8352 94.8587 94.8822 94.915 94.8829 94.9215 94.96 95
99.8172 100.96 94.9555 95.11 95.2168 95.2376 95.1901 95.1426 95.1448 98.63 100.464 100.51 100.49 100.555 101.105 98.7448 95.1588 95.1367 95.1146 95.14 95.13 101.002 105.856 107.08 106.783 107.317 107.74 107.85 107.957 108.121 108.341 107.834 107.447 107.45 106.907 106.777 106.482 106.144 105.935 94.9434 94.9166 94.8898 94.8762 94.8807 94.9035 94.8897 94.93 94.87 94.94 95.0024 94.9477 94.9265 94.9797 95.02 94.9001 94.85 94.9199 94.9527 94.8528 94.7991 94.88 94.8489 94.8845 94.908 94.9255 94.8666 94.92 94.9438 94.9823
100.525 95.0026 94.9827 95.0406 95.0247 95.048 95.1 95.05 95.1054 97.7822 100.913 100.93 100.406 100.536 100.898 98.7278 98.995 95.1535 95.1303 95.0831 94.9678 103.27 105.94 106.19 106.652 106.63 107.234 107.36 107.739 108.232 108.061 108.157 108.058 107.652 107.202 107.197 106.692 106.443 95.05 94.98 103.575 94.91 94.8568 94.89 94.7885 94.8003 94.8145 94.8078 94.8044 94.9 94.9644 94.9814 94.9864 94.9297 94.8685 94.8046 94.8297 94.8452 94.7933 94.83 94.8329 94.8527 94.9102 94.9337 94.9187 94.95 94.8889 94.94 94.9755
101.04 95.1001 95.23 95.05 95.0246 95.0064 95.16 94.9789 95.15 97.5921 101.21 99.59 99.0788 100.107 100.08 97.9686 95.1208 95.0925 95.0642 95.09 94.9575 94.9629 101.944 105.933 105.028 106.78 107.05 107.208 107.537 107.69 107.777 108.059 108.342 108.082 107.626 107.448 107.018 106.63 103.184 106.258 94.9559 94.9274 94.9021 94.935 94.97 94.94 94.84 94.88 94.85 94.8469 94.9121 94.9371 94.9 94.8466 94.7904 94.785 94.7831 94.7909 94.8072 94.84 94.8468 94.8667 94.9094 94.9595 94.98 94.8363 94.8782 94.9361 94.9941
95.02 95.1976 95.16 94.9805 94.9563 94.9952 95.0415 95.0053 94.972 96.2367 97.715 97.3378 96.4852 95.05 96.7293 95.7818 95.0548 95.0265 95.12 94.996 94.962 94.9525 98.4734 103.621 100.417 105.123 106.36 106.868 107.44 107.403 107.617 107.96 108.133 108.24 108.16 107.716 107.269 107.247 106.766 106.35 95.0136 105.13 94.9565 94.9611 94.9748 94.9277 94.8037 94.8712 94.91 94.94 94.8796 94.8669 94.8 94.79 94.7535 94.8046 94.8206 94.8325 94.9 94.8435 94.8619 94.8806 94.9029 94.9577 94.923 94.89 94.8967 94.9547 94.9852
95.0392 95.1002 95.1192 94.9462 95.0299 95.14 95.068 95.0318 94.9956 94.9681 95.083 95.1402 95.1093 95.0784 95.0474 95.017 94.9887 94.9605 94.9445 95.06 94.9438 94.9768 96.913 103 105.76 103.478 105.877 106.517 106.61 107.133 107.186 107.596 107.92 108.233 108.233 107.995 107.48 107.398 106.93 107.089 104.602 106.252 105.953 103.47 95.07 94.9822 94.88 94.8038 94.9022 94.94 94.8492 94.8 94.6742 94.6953 94.7263 94.79 94.8284 94.87 94.89 94.8616 94.8747 94.8689 94.863 94.861 94.9322 94.8912 94.9153 94.9551 94.9757
94.9573 94.9641 95.11 94.9634 95.0465 95.1244 95.0796 95.07 95.08 94.965 94.9918 95.0868 95.0559 95.025 95.05 95.05 94.9322 94.9144 94.9496 94.965 95.08 95.01 95.0225 97.58 97.695 103.865 105.665 106.6 106.405 106.29 107.137 107.232 107.926 108.67 108.165 108.327 108.18 107.587 107.373 107.176 106.917 106.765 105.754 104.16 98.3999 95.0285 95.04 94.7932 94.95 94.8822 94.7787 94.6775 94.7338 94.8 94.699 94.7325 94.7639 94.7954 94.779 94.7813 94.7811 94.7752 94.795 94.7643 94.822 94.9125 94.9249 94.9479 94.9704
95.07 94.9996 95.0242 95.0238 95.1265 95.104 95.0543 95.0095 94.9648 94.9289 94.98 95.0211 95.0025 94.9716 94.96 94.9097 94.8788 95.06 94.9862 95.0016 95.1 94.9713 95.0198 95.0683 97.6703 97.73 101.962 105.84 105.69 106.357 106.995 106.884 107.388 107.553 107.98 107.997 108.145 107.957 107.815 107.438 106.99 107.015 106.3 106.045 95.13 95.0573 95.03 94.9557 94.9447 94.9167 94.7397 94.8 94.8034 94.73 94.6616 94.71 94.6364 94.6599 94.6625 94.6648 94.73 94.6695 94.6718 94.6699 94.7119 94.8234 94.9158 94.9401 94.9626
94.9717 95.03 95.0846 95.0843 95.1501 95.0882 95.0289 95.035 95 94.9094 94.88 94.9299 94.9491 94.9182 94.99 94.89 94.8905 94.9477 95.0048 95.0382 94.9779 94.9583 97.6 97.7833 97.565 95.1625 97.645 103.59 104.77 106.357 106.308 106.503 107.093 107.33 107.455 107.913 108.018 108.354 108.073 107.893 107.482 106.949 106.455 106.56 96.7433 95.0603 95.06 94.9912 94.9204 94.8428 94.7321 94.71 94.8 94.79 94.6423 94.72 94.6341 94.68 94.6284 94.71 94.6265 94.705 94.72 94.715 94.6507 94.7719 94.8562 94.9322 94.9548
95.08 95.0131 95.1031 95.145 95.1344 95.0725 95.0107 94.9588 94.9195 94.91 95.01 94.94 94.8957 94.95 94.8339 94.8501 94.97 94.98 95.0214 95.0748 95.11 94.9452 97.64 95.0628 95.1113 97.715 95.2083 98.9015 98.455 105.48 105.301 106.49 106.753 106.62 107.27 107.44 107.972 108.292 108.141 107.765 107.81 107.049 106.551 104.322 102.724 95.0585 95.0037 94.9329 94.862 94.7912 94.7221 94.7628 94.84 94.7858 94.7878 94.6392 94.6209 94.6852 94.7026 94.72 94.6298 94.6314 94.6329 94.75 94.6357 94.7198 94.7967 94.8735 94.947
95.09 95.0199 95.1098 95.162 95.1157 95.0568 95.02 95.04 94.985 94.8706 94.8411 94.8116 94.8423 94.86 94.88 94.8667 94.9238 95.02 95.038 95.0876 94.9731 94.9322 97.6933 97.73 95.1085 97.8 95.2055 97.705 98.4632 100.61 100.467 106.057 106.29 106.662 107.183 107.375 107.956 108.101 108.087 107.963 107.52 106.695 106.865 104.525 102.88 95.0494 95.02 94.96 94.8891 94.8245 94.7599 94.6939 94.76 94.6556 94.745 94.6766 94.6333 94.75 94.84 94.7244 94.672 94.74 94.6363 94.64 94.6388 94.6603 94.7371 94.8139 94.8908
95.0161 95.0995 95.0227 95.09 95.0453 95.0157 94.957 94.9295 95.1 94.9002 94.91 94.7922 94.7768 94.7691 94.8262 94.8833 94.935 94.9498 94.9826 95.0153 94.97 94.9191 95.05 95.0573 97.65 97.7633 95.2028 97.76 95.0422 95.0353 95.0283 101.984 105.63 106.018 106.84 107.354 107.888 108.057 108.097 107.961 107.399 107.19 106.58 106.107 101.297 95.0242 95.004 94.9715 94.9269 94.8623 94.7977 94.7317 94.74 94.79 94.6704 94.6569 94.6973 94.8032 94.8248 94.7798 94.7348 94.6898 94.6413 94.6743 94.7214 94.85 94.7738 94.87 94.887
95.4127 95.3754 95.2668 95.0553 94.9976 94.9399 94.96 94.9671 95.0641 94.994 94.9146 94.8352 94.7557 94.7524 94.7793 94.8121 94.8448 94.8776 94.98 94.95 94.9173 94.9061 94.984 95.0545 97.78 95.1515 97.56 97.73 97.7167 95.034 97.74 100.365 103.13 106.61 106.739 107.261 107.65 107.994 108.26 108.058 107.337 107.001 106.593 105.95 104.474 94.999 94.9911 94.97 94.926 94.8935 94.8355 94.86 94.7808 94.7641 94.7473 94.75 94.7703 94.8072 94.8269 94.7835 94.8267 94.75 94.6636 94.72 94.8403 94.7962 94.7851 94.8599 94.8733
95.7281 95.5909 95.29 95.1083 95.0506 94.9929 94.9127 94.8957 94.9927 94.9702 94.8907 94.8113 94.7838 94.815 94.7917 94.95 94.9 94.8103 94.8381 94.8709 94.8658 95.0633 94.9867 95.0489 96.42 97.61 97.8 95.0465 95.0396 95.0327 95.0258 97.9 97.68 106.341 106.628 107.335 107.66 107.97 108.35 108.032 107.349 106.925 106.596 106.5 100.363 94.9738 94.9781 94.9456 94.9131 94.8805 94.8479 94.8455 94.8246 94.8038 94.783 94.7621 94.7597 94.7927 94.8124 94.81 94.7461 94.72 94.71 94.6564 94.7822 94.8866 94.905 94.9223 94.95
96.13 95.5961 95.2772 95.1613 95.1036 95.0158 94.8973 94.8495 94.9213 94.9463 94.8669 94.8256 94.88 94.8185 94.8247 94.8309 94.8371 94.99 94.91 94.8557 94.93 95.0735 95.0722 95.0709 95.066 95.0591 97.7267 97.73 97.685 97.85 97.7 95.014 106.325 106.303 106.745 107.219 107.357 108.13 108.285 107.762 107.297 107.33 106.333 106.147 95.07 94.9704 94.98 94.9244 94.88 94.8135 94.87 94.793 94.7727 94.775 94.731 94.7073 94.6756 94.7259 94.7763 94.7986 94.7762 94.7538 94.7298 94.7046 94.7552 94.8364 94.9116 94.9213 94.9314
99.26 95.6013 95.2824 95.2143 95.1189 95.0004 94.882 94.8078 94.8675 94.9224 94.9 94.8591 94.8509 94.8515 94.8577 94.8639 94.8701 94.8763 94.93 94.8786 94.96 95.0796 95.0783 95.0573 95.0555 95.0578 96.405 95.044 97.79 95.0301 97.645 97.685 105.8 106.33 107.245 107.054 107.642 108.387 108.041 107.34 107.447 106.993 106.674 95.0023 94.9969 95.02 94.9113 94.8559 94.81 94.7788 94.78 94.7399 94.73 94.6999 94.6791 94.6451 94.64 94.6433 94.73 94.7682 94.7464 94.75 94.7016 94.7341 94.6968 94.7781 94.8706 94.8756 94.8857
95.5641 95.5229 95.36 95.2219 95.1035 94.9851 94.8667 94.7661 94.8259 94.8906 94.9009 94.8926 94.8844 94.8845 94.8907 94.8969 94.9031 94.95 94.9012 94.9274 95.005 95.0225 95.09 95.0135 94.9914 95.0565 95.0496 95.0427 95.0358 97.6 95.0153 99.7674 103.32 106.103 106.797 107.227 107.706 107.753 108.292 107.705 107.61 107.023 106.365 106.493 95.0179 94.9669 94.87 94.7873 94.7452 94.7258 94.7063 94.6868 94.77 94.6478 94.68 94.67 94.6295 94.6125 94.6411 94.7133 94.7165 94.6942 94.795 94.7878 94.78 94.7316 94.8297 94.8346 94.8399
95.253 99.92 100.96 95.2017 95.0882 94.9697 94.8513 94.7329 94.7842 94.8783 94.9288 94.9262 94.9179 94.9176 94.9238 94.9297 94.9267 94.9238 94.9302 94.9778 95.0253 95.0729 95.06 94.99 94.9273 95.0199 95.0483 95.0414 97.75 97.64 97.83 99.0544 102.436 103.973 106.764 107.26 108.12 107.895 107.963 107.873 107.545 106.859 106.76 105.11 103.14 94.9407 94.8463 94.88 94.7139 94.7089 94.73 94.75 94.79 94.8 94.87 94.7388 94.7833 94.7049 94.72 94.671 94.6867 94.84 94.7888 94.8126 94.706 94.6975 94.7887 94.7936 94.7986
95.3295 100.745 95.226 95.1481 95.0444 94.9397 94.8351 94.83 94.7622 94.8661 94.95 94.9522 94.9514 94.97 94.98 94.9493 94.9463 94.9434 94.9806 95.0282 95.0487 94.9997 94.9453 95 94.895 94.9558 95.047 95.0401 97.595 95.0148 94.992 98.2547 99.84 103.33 106.424 106.783 107.463 107.837 107.676 107.396 106.971 106.46 106.284 106.063 99.9819 94.9146 94.8227 94.81 94.7095 94.7218 94.7548 94.7879 94.821 94.8442 94.8481 94.8311 94.81 94.84 94.83 94.85 94.8 94.7504 94.8217 94.8413 94.7782 94.81 94.7477 94.7526 94.77
100.7 95.23 99.5375 98.14 94.9917 94.887 94.7824 94.7147 94.7464 94.8539 94.9577 94.99 94.9675 94.974 94.9719 94.9689 94.966 94.9834 95.031 94.9983 94.9493 94.899 94.8438 94.8829 94.965 95.03 95.0071 95.0386 95.0174 97.59 97.74 97.64 97.7022 100.132 105.725 105.56 107.168 107.317 107.709 107.203 106.53 106.482 105.334 106.077 95.04 94.8885 94.83 94.7373 94.7211 94.78 94.71 94.8 94.7762 94.8092 94.8519 94.8946 94.8733 94.8521 94.8308 94.8096 94.82 94.7432 94.7964 94.7698 94.7431 94.7164 94.7184 94.89 94.84
98.025 95.1399 95.0715 95.0003 94.9224 94.84 94.7926 94.7626 94.7326 94.8294 94.9402 94.9203 94.8182 94.7821 94.8608 94.9886 95 94.997 94.9479 94.98 94.8499 94.7975 94.89 94.9435 95.0037 95.042 95.0485 95.0432 94.9971 94.9743 94.9514 94.9286 97.66 97.6 98.57 104.552 106.41 106.82 107 106.882 105.905 105.72 101.529 100.42 94.9381 94.8624 94.78 94.7489 94.7327 94.7164 94.7002 94.8 94.7313 94.7674 94.8144 94.8599 94.9025 94.9154 94.8942 94.9 94.8316 94.96 94.7501 94.9 94.85 94.805 94.7452 94.7574 94.9
95.0533 94.9849 96.155 94.8482 94.7852 94.8481 94.8307 94.8105 94.7805 94.87 94.8632 94.8182 94.92 94.9 94.9005 94.9607 94.9846 94.9348 94.94 94.8352 94.7914 94.7827 96.0553 98.315 94.996 95.0562 95.08 95.0517 95.0134 95.01 94.9312 94.9083 97.74 94.9196 98.4505 104.94 106.05 105.986 106.679 105.809 105.992 103.283 95.0635 95.06 94.99 94.945 94.85 94.7605 94.8 94.78 94.77 94.6956 94.6865 94.7299 94.87 94.824 94.88 94.9099 94.9525 94.9363 94.98 94.8114 94.87 94.7785 94.7768 94.86 94.7734 94.855 94.7964
