data/512.grd
ncols         512
nrows         512
xllcorner	618360
yllcorner	6754408
cellsize	 1
NODATA_value	-9999
[rows 390 to 419 of 512, columns 138 to 206 of 512]
114.93 115.049 115.118 115.33 114.315 114.08 113.746 112.771 112.46 112.247 111.86 111.33 108.78 94.6451 94.76 94.6578 94.6778 94.68 94.3102 94.213 94.34 94.27 94.1 94.1805 94.2352 94.15 94.0432 94.057 94.0775 94.0983 94.1191 94.0956 94.0584 94.0104 93.9624 93.96 93.9584 94.035 94.0966 94.1485 94.11 93.9487 94.0717 94.11 94.0275 93.9938 94.01 94.0079 94.078 94.1597 94.17 94.095 94.0044 94.0425 94.0399 94.0609 94.17 94.0083 94.0274 94.0271 94.1215 94.2477 94.3582 94.3997 94.4103 94.4172 94.3913 94.4272 94.4407
114.615 114.87 115.06 115.005 114.635 114.701 114.349 113.65 112.285 112.591 111.985 111.336 107.552 108.845 101.41 94.6776 98.145 94.6137 94.4132 94.41 94.2159 94.1646 94.1407 94.2198 94.29 94.0737 94.13 94.0498 94.0706 94.0915 94.1031 94.0767 94.06 94.0069 93.9719 93.9291 93.8887 93.9615 94.05 94.0847 94.11 94.0961 94.1089 94.0597 94.0151 93.9725 93.9381 93.94 94.0493 94.1618 94.0624 93.9297 93.9802 94.0374 94.0945 94.1519 94.174 94.19 94.09 94.1537 94.2439 94.3341 94.3223 94.3228 94.327 94.3526 94.4177 94.4536 94.4355
113.783 114.487 115.1 115.008 115.583 114.97 114.8 113.78 113.787 113.39 112.688 111.825 110.878 108.84 105.887 108.745 107.04 94.7089 94.526 94.51 94.3251 94.42 94.24 94.1583 94.1293 94.27 94.0713 94.2 94.0638 94.0846 94.0813 94.0577 94.08 93.9879 93.99 94.04 93.8832 93.99 93.9201 93.9709 94.0067 94.0188 94.1097 94.0557 94.0018 93.9567 93.9649 94.0393 94.1519 94.0603 93.9612 93.95 93.9565 94.0141 94.0717 94.1294 94.1076 94.0653 94.0596 94.1894 94.2806 94.3708 94.2927 94.2639 94.2681 94.3524 94.4441 94.48 94.4303
113.271 113.7 114.33 114.38 115.275 115.025 114.407 114.06 113.61 114.27 113.46 112.727 112.435 112.25 110.701 106.589 94.7197 94.7287 94.74 94.5387 94.4353 94.3316 94.239 94.33 94.1559 94.23 94.23 94.0689 94.0569 94.0777 94.0594 94.0363 94.0039 94.04 93.9341 93.8864 94.06 93.99 93.9384 93.9384 93.94 94.0204 94.1087 94.11 94.035 93.9658 94.0459 94.126 94.0857 94.0003 93.9148 93.8909 93.9401 93.9916 94.0492 94.1068 94.1341 94.05 94.0337 94.1694 94.3011 94.3519 94.263 94.2051 94.2372 94.3523 94.4673 94.4909 94.425
113.11 113.129 113.91 114.655 114.415 114.096 113.278 113.78 113.71 113.811 113.789 113.438 112.415 112.49 111.86 110.687 108.81 106.62 106 94.72 94.56 94.57 94.3396 94.2604 94.33 94.1658 94.25 94.31 94.0665 94.0606 94.0375 94.15 93.99 93.95 94.05 93.9444 93.9799 93.9959 93.9959 93.95 93.9257 94.05 94.0981 93.97 94.02 94.09 94.0709 94.1207 94.11 94.0399 94.07 93.8832 93.9323 93.9815 94.0306 94.0843 94.1419 94.14 94.0334 94.1034 94.2391 94.3849 94.4 94.1462 94.237 94.3521 94.49 94.54 94.4198
112.24 112.427 113.401 113.67 114.01 113.576 112.55 112.817 113.205 114.27 113.936 113.352 113.32 112.79 113.055 111.902 109.415 108.61 100.53 101.724 98.12 94.5337 94.4402 94.54 94.2819 94.2314 94.1813 94.1424 94.1077 94.1592 94.1024 94.0456 93.9367 93.9314 93.9669 94.0024 94.0379 94.07 93.9658 93.8919 93.9239 94.0144 94.05 93.9543 93.9912 94.0184 94.0959 94.0952 94.0846 94.0739 94.0059 94.01 93.9607 94.02 94.0376 94.0761 94.1212 94.1212 94.1026 94.0839 94.1754 94.3252 94.3416 94.3 94.3257 94.4418 94.5455 94.5506 94.4949
109.637 112.56 110.76 113.262 112.378 111.295 111.745 112.99 112.854 113.167 113.739 113.962 113.873 113.527 112.97 112.713 111.654 108.772 108.735 109.28 103.61 94.72 94.5408 94.4616 94.66 94.3047 94.44 94.2047 94.1547 94.3044 94.56 94.27 94.14 93.9546 94.0002 94.05 94.0642 94.0118 93.97 93.8508 93.922 94.0125 93.9384 93.8903 94.03 94.0456 94.0805 94.0694 94.0416 94.0137 94.0321 94.0133 94.08 94.0902 94.0931 94.0708 94.1074 94.0611 94.0567 94.055 94.1451 94.2742 94.4267 94.46 94.459 94.59 94.5826 94.5877 94.6
102.905 100.57 110.245 111.02 109.898 108.885 110.733 112.065 111.895 112.935 113.31 113.695 114.23 114.205 113.33 112.74 112.5 112.165 110.823 108.222 103.46 94.7231 103.23 94.69 94.4831 94.4039 94.58 94.36 94.23 94.4038 94.4873 94.2596 94.0319 93.9196 93.9883 94.0519 94.0624 94.0341 93.9043 93.8297 94.07 93.99 93.93 93.88 93.9554 94.0472 94.045 94.003 93.9752 93.9473 93.9731 94.0625 94.0249 94.0025 94 94.0341 94.0766 94.08 93.9866 94.0524 94.1518 94.2727 94.3936 94.4864 94.5448 94.5895 94.627 94.6319 94.6369
96.2526 98.08 106.32 106.38 107.88 108.406 109.429 109.595 111.526 112.447 112.84 113.231 113.684 113.8 113.566 113.288 113.67 112.72 111.905 111.89 108.69 106.112 110.12 94.707 94.6445 94.7 94.4458 94.3436 94.65 94.3464 94.56 94.41 94.14 94.16 93.9387 94.0026 94.0543 94.0563 94.07 93.9 93.9009 93.8907 93.8805 93.8752 93.9232 94 94.0067 94.0433 94.03 94.05 93.9423 94.0365 93.959 93.8942 93.9609 94.05 94.034 93.9639 93.984 94.06 94.1586 94.2795 94.4363 94.4934 94.5418 94.5782 94.6233 94.6682 94.6859
94.72 94.97 101.302 106.355 106.072 105.855 109.007 109.31 111.71 111.513 112.493 112.975 113.033 113.09 114.272 113.946 113.785 113.295 112.634 112.17 110.97 111.4 110.96 94.7406 101.29 94.73 94.6743 94.6519 94.6 94.501 94.4729 94.3807 94.1613 94.0212 93.9385 93.9519 94.0036 94.0516 94.02 93.9695 94.08 94.15 93.96 93.95 93.8556 93.8896 93.928 93.9648 94.0093 93.8508 93.9214 94.0105 94.02 93.9665 94.0015 94.0751 94.06 94.0281 94.09 94.0473 94.1739 94.3875 94.4432 94.4957 94.5304 94.567 94.612 94.657 94.702
94.8255 94.887 94.9772 94.9271 97.3523 102.134 106 109.27 107.739 109.11 111.92 111.841 112.495 113.151 113.462 113.845 114.385 113.735 112.912 113.064 112.299 111.555 111.32 111.47 105.475 94.7315 94.7091 94.6978 94.71 94.66 94.61 94.5498 94.4502 94.57 94.07 93.97 93.9396 93.9871 94 94.01 94.1079 94.0729 93.8939 93.8705 93.847 93.91 93.867 93.928 93.9098 93.935 93.9518 94.07 94.035 94.0469 94.0588 94.1087 94.1106 94.0911 94.0717 94.1 94.3309 94.3855 94.4075 94.4843 94.58 94.5557 94.6007 94.67 94.6907
94.7402 94.9793 95.04 94.8933 94.8619 94.8304 101.093 106.4 103.812 103.57 109.525 111.815 111.83 113.04 112.797 113.297 113.597 113.824 114.265 113.26 113.062 112.368 111.995 110.66 111.59 110.53 94.78 94.74 94.5551 94.555 94.63 94.5589 94.5617 94.3037 94.11 93.95 93.8957 93.9226 93.8897 94.0049 94.04 94.0751 94.0116 94.07 93.9215 93.94 93.839 93.98 93.885 93.9015 94.05 94.09 93.92 94 94.0501 94.1147 94.1599 94.1513 94.1319 94.1558 94.3119 94.34 94.31 94.4205 94.5076 94.5444 94.5894 94.71 94.7307
94.7806 95.0185 94.8833 94.8139 94.8629 94.8314 94.8234 97.602 102.326 104.446 107.975 110.74 111.835 111.045 112.655 112.415 113.16 113.895 114.24 113.841 113.725 112.825 112.487 112.12 108.886 94.775 94.7101 94.675 94.5346 94.63 94.5402 94.543 94.4796 94.2085 94.195 94.18 93.93 93.8833 93.902 93.937 94.04 94.0283 94.062 94.0024 94.02 93.89 93.8553 93.8593 93.8742 93.9296 94.0148 94.0611 93.8983 93.9877 94.0755 94.1207 94.1659 94.2111 94.1921 94.2316 94.2948 94.2643 94.315 94.3762 94.4557 94.55 94.69 94.7033 99.01
94.9202 95.0624 95.16 94.802 94.7412 94.86 94.801 94.8 98.155 109.405 109.345 109.258 110.23 111.775 111.556 112.36 112.984 113.065 113.517 113.809 113.546 112.975 112.687 112.16 111.61 111.67 94.664 94.65 94.5294 94.5246 94.5243 94.5271 94.51 94.2174 94.096 93.939 93.8886 93.87 93.9516 94.04 94.0511 94.0371 94.0231 93.9935 93.95 93.88 93.95 94.08 93.8639 93.934 93.991 94.0247 94.02 94.0159 94.0815 94.1267 94.1719 94.2171 94.2522 94.3074 94.2794 94.38 94.3725 94.49 94.5232 98.005 94.6758 97.3238 100.425
94.8602 95.0232 94.9474 94.7632 94.9 94.7458 94.797 95.3748 99.7989 98.185 105.238 109.203 109.135 108.78 111.585 112.08 112.701 113.185 113.065 113.73 114.318 113.569 113.23 112.5 108.925 94.7861 94.75 94.5301 94.67 94.5206 94.5159 94.5112 94.4061 94.2927 94.19 94.0043 94.03 93.94 94.0196 94.05 94.0122 93.9982 93.9842 94.04 93.9031 93.9476 94.0409 94.0212 93.9 93.8248 93.8966 93.9674 94.0024 94.0423 94.0875 94.1327 94.1779 94.2231 94.2682 94.2972 94.2883 94.42 94.4263 94.5344 94.61 98.335 98.81 99.1024 99.85
94.555 94.9326 94.92 94.8286 94.93 94.7508 94.7987 94.802 97.2667 98.495 98.495 109.157 109.157 109.64 110.751 112.159 112.465 112.865 113.283 113.807 113.954 113.81 113.49 112.7 111.565 111.635 94.72 94.5521 94.5696 94.587 94.5376 94.4635 94.4813 94.3679 94.2266 94.0697 93.9127 93.88 94.0328 94.0275 94 93.9666 93.9453 93.9313 93.89 94.0028 94.05 93.9893 93.9345 93.94 93.91 93.8539 93.9389 94.0109 94.0456 94.0804 94.1151 94.1498 94.1977 94.2539 94.33 94.3076 94.4801 94.6135 96.8045 98.6325 99.1139 100.465 101.562
94.3509 94.7787 94.9078 94.8822 94.99 94.8163 94.8003 94.81 96.8075 98.805 102.504 105.922 109.18 108.8 111.75 112.456 112.82 113.095 113.356 114.02 113.848 113.345 112.77 112.184 111.605 94.7971 94.665 94.715 94.6757 94.527 94.3783 94.421 94.4764 94.45 94.5 94.17 93.97 93.8782 94.043 94.08 94.04 93.981 93.9505 93.93 93.8956 94.0468 93.9949 93.9393 93.99 93.828 93.7723 93.7438 93.8184 93.95 93.9526 93.9873 94.08 94.0781 94.1315 94.186 94.2542 94.3614 94.5339 94.6938 99.445 99.5375 100.113 100.58 101.02
94.36 94.6641 94.9227 94.8971 94.8715 94.8459 94.8006 96.0628 98.7616 102.088 109.49 97.855 107.927 108.88 110.741 112.679 112.93 113.275 113.665 113.788 113.371 112.85 112.422 111.6 111.58 111.89 94.7295 94.7111 94.5166 94.41 94.3232 94.4 94.4397 94.4694 94.2613 94.0589 93.8565 93.9638 94.0679 94.0528 94.02 93.9872 93.9544 93.9216 93.955 94.03 94.0104 93.9547 94.03 93.8434 93.89 93.89 93.8519 93.8581 93.8643 93.9051 93.9585 94.0119 94.0652 94.1186 94.2148 94.3818 94.5123 98.125 99.35 99.4619 100.478 101.748 102.325
94.3405 94.601 94.97 94.945 94.8864 94.804 94.86 99.0909 102.085 97.97 106.319 108.9 111.725 111.835 112.19 113.24 113.6 113.68 114.105 113.795 113.075 112.78 112.215 111.204 110.99 94.81 94.644 94.74 94.5057 94.2846 94.3232 94.3911 94.459 94.38 94.1745 94.12 93.9325 93.9878 94.0432 94.0459 94.0225 94.03 93.9569 93.9241 93.8913 93.9346 94.026 93.9702 93.9144 93.8588 93.8031 93.9049 94.02 93.95 93.9 93.9137 93.9567 94.07 94.0398 94.0814 94.1682 94.2987 94.4291 95.677 97.2909 99.51 100.358 100.49 101.23
94.3398 94.707 94.9128 94.9006 94.8139 94.7517 94.7652 106.42 105.3 104.954 110.78 112.145 111.473 112.735 112.916 113.555 114.08 113.798 113.467 112.745 112.475 112.24 111.906 110.825 109.68 94.697 94.7035 94.5964 94.405 94.2536 94.3307 94.4078 94.386 94.46 94.1021 93.92 93.97 94 94.0184 94.0282 94.0103 93.9889 93.99 93.9266 93.93 93.89 94.0292 93.9858 93.97 93.98 93.83 93.9602 93.9661 93.8931 93.8752 94 93.9765 94.0181 94.0597 94.11 94.085 94.2155 94.41 94.5091 94.39 96.3149 98.8093 99.98 100.475
94.4457 94.6454 94.8937 94.8309 94.7408 94.7333 101.203 109.703 109.463 110.799 111.238 109.2 112.46 112.755 113.656 114.375 114.052 113.802 113.455 113.06 112.261 111.65 110.177 104.631 94.7171 94.65 94.6684 94.67 94.3736 94.1991 94.2699 94.3114 94.4406 94.2026 94.09 93.9458 93.8829 93.9383 94.05 94.0021 94.03 93.9747 93.9533 93.965 93.8963 93.99 94 94.0014 93.9456 93.8874 93.8519 93.9599 94.045 94.03 93.8877 93.9386 94.04 94.038 94.0796 94.0843 94.0601 94.1323 94.2707 94.4364 94.6021 94.6469 98.59 99.245 99.545
94.4808 94.729 94.8533 94.7632 97.885 97.88 105.856 111.993 110.849 111.385 111.88 112.805 112.555 113.21 113.863 114.105 114.015 113.264 112.586 112.062 111.67 107.656 106.555 110.507 94.6056 94.6051 94.6426 94.5278 94.26 94.14 94.1472 94.1887 94.2734 94.0894 94.0634 93.9732 93.95 93.9136 93.9689 93.9761 93.9806 94.05 93.939 93.9176 93.97 93.866 93.9192 94.017 93.9411 93.98 93.8732 93.9402 94.0008 93.9634 94.07 93.9643 94.01 94.053 94.0995 94.11 94.0607 94.09 94.198 94.3637 94.5294 94.6452 97.424 98.5243 99.2188
94.5644 94.8127 94.7857 96.407 97.95 103.745 110.285 111.577 111.569 111.862 112.293 112.89 113.08 113.3 113.795 113.933 113.676 112.865 112.575 111.36 108.145 103.1 104.33 99.6469 94.775 94.6437 94.6628 94.68 94.092 94.0588 94.0736 94.0884 94.0912 94.0651 94.0391 94.0006 93.94 93.8888 93.9442 93.98 93.99 93.9461 93.95 93.9034 93.882 93.8606 93.98 94.017 93.9571 93.8864 93.92 93.97 94.06 94.0488 94.069 94.0794 94.0874 94.0955 94.0798 94.0476 94.0262 94.0128 94.1023 94.2782 94.4541 94.6224 97.975 95.8521 96.6749
94.648 95.1775 97.485 98.3622 97.84 103.665 109.895 110.97 111.552 111.915 112.445 113.437 113.76 113.729 114.025 113.55 112.979 112.154 111.84 111.46 110.86 94.6796 94.6796 94.6796 94.6797 94.6797 94.6694 94.3226 94.08 94.0823 94.1228 94.0885 94.0523 94.039 94.0148 93.9887 93.98 94.05 93.9194 93.9239 93.9284 93.98 93.9105 93.97 93.8677 93.8479 93.92 93.9676 94.03 93.9462 93.9166 93.9303 94.0015 94.06 94.0652 94.0639 94.0719 94.0799 94.04 93.9531 94.01 94.0177 94.0851 94.1524 94.2894 94.4653 94.5051 94.5123 94.5195
94.7316 94.79 98.5917 102.34 104.33 106.341 110.217 111.835 111.612 112.435 113.066 113.627 114.36 113.783 113.285 112.85 112.359 111.46 111.555 111.425 94.85 94.6636 94.6754 94.6755 94.6755 94.5731 94.5001 94.4168 94.22 94.1704 94.1072 94.016 94.0081 93.9975 93.9837 93.9644 93.9383 93.8551 93.96 93.8978 93.9023 93.97 93.905 93.8748 93.97 93.88 93.98 94.0033 94.0243 94.0059 93.99 94.07 94.0018 94.0575 94.0609 94.0557 94.0563 94.0643 93.9537 93.8879 93.9553 94.0226 94.09 94.1574 94.2247 94.3006 94.3483 94.3556 94.3628
97.91 102.157 102.173 101.967 109.405 108.53 109.138 109.12 112.455 112.935 113.721 114.06 114.23 113.703 113.007 112.585 111.772 111.52 111.46 111.735 94.67 94.6282 94.6712 94.5898 94.4806 94.3832 94.3308 94.2784 94.2171 94.1259 94.0347 93.9696 93.9638 93.9559 94.005 93.97 93.99 93.8825 93.8672 93.8717 93.89 93.8807 93.8819 93.87 93.8737 93.8811 93.9529 93.9514 94 94.0423 94.05 94.08 94.0259 94.0617 94.0566 94.0514 94.0463 94.0436 94.06 93.96 93.99 94.04 94.0927 94.1601 94.2275 94.35 94.308 94.33 94.3414
98.778 103.868 106.441 109.87 107.955 108.825 108.975 109.656 111.061 113.305 114.32 114.017 113.812 112.977 112.589 112.273 111.56 110.515 110.99 94.8052 94.655 94.6121 94.5959 94.45 94.2789 94.22 94.1812 94.1491 94.1094 94.0534 93.97 93.9254 93.9196 93.9138 93.9007 93.887 93.8732 93.94 93.8733 93.8456 93.8501 93.8611 93.92 93.97 93.8903 93.9024 93.99 93.8805 93.8196 93.9361 94.0603 94.0733 94.0643 94.0341 94.0267 94.07 94.0119 94.0113 93.9281 93.9234 94.07 94.0275 94.0949 94.1623 94.29 94.272 94.2895 94.3062 94.3229
106.91 105.38 109.203 109.333 109.105 108.829 108.862 108.896 108.93 109 113.205 113.172 112.948 112.685 112.107 108.074 106.312 105.521 108.275 94.7892 94.68 94.5536 94.5312 94.3777 94.2461 94.1064 94.0743 94.13 93.9958 93.9465 93.8898 93.8812 93.91 93.8696 93.86 93.96 93.92 93.8244 93.92 94.02 93.9109 93.95 94.08 93.9949 93.9069 93.9314 93.8705 94 93.856 94.01 94.0745 94.0637 94.03 93.9853 93.9621 93.9547 93.9522 94.03 93.93 93.9505 93.9777 94.0297 94.0972 94.1646 94.232 94.2535 94.2711 94.2878 94.306
97.81 106.045 108.936 108.925 108.962 108.8 108.882 108.864 108.954 109.04 110.42 113.43 112.448 111.77 109.574 101.585 98.8833 101.446 99.7475 94.76 94.4983 94.4759 94.4536 94.42 94.2946 94.2147 93.9855 93.9317 93.8914 94 93.89 93.87 93.8419 93.8254 93.8176 93.8139 93.816 93.87 93.8916 94.0169 94.0399 94.11 94.0912 94.14 94.14 94 94.02 94.0067 94.06 94.0566 94.0549 94.06 93.9758 93.9366 93.92 93.8932 94.11 93.9685 93.9645 93.9776 94.0048 94.032 94.0994 94.1668 94.215 94.2351 94.2526 94.2716 94.2929
106.985 108.877 108.72 108.846 108.966 109.242 108.765 108.83 108.945 109.211 110.108 109.448 109.592 111.782 111.64 94.6478 94.64 97.4642 99.285 94.58 94.4064 94.3576 94.37 94.3114 94.3102 94.2671 94.23 94.0183 93.9514 93.8845 93.8706 94.01 93.8732 93.99 93.87 93.8077 93.8097 93.8118 93.9224 94.02 94.086 94.1227 94.1552 94.1211 94.0002 94.0034 94.037 94.19 94.087 94.18 94.1 94.009 94.06 93.9178 93.8745 93.9955 94.0867 94.0631 94.04 94.0363 94.0358 94.0591 94.1016 94.1691 94.1966 94.2166 94.2362 94.2478 94.29
