data/64.grd
ncols         64
nrows         64
xllcorner	618360
yllcorner	6754408
cellsize	 1
NODATA_value	-9999
[rows 0 to 32 of 64, columns 0 to 63 of 64]
95.7 98.2579 102.195 104.46 107.86 106.635 105.86 106.327 105.167 105.02 105.205 105.565 104.333 103.816 103.598 104.195 103.587 104.078 104.833 104.307 104.313 104.644 105.047 105.417 105.148 104.935 105.162 105.186 105.645 105.94 105.387 105.495 105.552 104.902 104.584 104.979 95.9594 95.97 95.8347 95.79 95.71 95.7178 95.7603 95.8029 95.84 95.8735 95.93 95.9404 95.9739 96.0074 96.0049 96 95.91 95.8746 95.98 95.9642 95.9181 95.95 95.8511 95.8222 95.8255 95.8539 95.98 95.97
96.8988 95.73 102.32 102.706 103.68 103.382 106.44 104.918 104.497 104.722 104.706 104.19 104.215 103.72 102.41 102.593 103.3 102.981 103.192 103.555 103.367 104.06 104.193 104.542 104.643 104.963 104.59 104.393 105.01 105.08 104.898 105.215 105.018 105.26 104.73 103.895 95.8417 95.7906 95.79 95.81 95.7389 95.7815 95.824 95.8666 95.9051 95.9386 95.972 103.39 103.525 103.597 100.285 95.999 103.332 95.9915 96.12 96.0115 95.97 95.9252 95.99 96 95.93 96 95.899 95.98
99.3761 102.425 100.971 97.9606 96.13 105.13 104.587 104.015 104.39 104.205 104.025 104.52 103.915 103.53 99.9267 101.352 102.299 101.319 99.775 102.12 102.797 103.1 103.249 103.568 103.655 103.995 103.885 103.865 104.267 104.231 103.87 104.007 104.423 104.407 104.75 104.885 95.7217 95.7169 95.7208 95.83 95.735 95.8013 95.8677 95.9303 95.98 103.26 100.885 103.312 103.703 103.61 104.03 103.738 101.553 99.255 103.503 96.089 96.0614 96.0338 96.09 95.9786 95.9818 95.9869 95.992 95.9971
100.716 102.25 102.365 100.011 96.19 104.05 104.113 103.75 103.76 104.064 104.35 103.627 104.24 101.8 99.6833 100.59 98.5813 98.6996 99.65 101.047 102.27 102.48 102.357 103.135 103.036 102.917 103.096 103.233 103.49 103.562 103.543 103.694 103.6 103.734 103.502 95.85 95.8 95.7064 95.77 95.6851 95.7216 95.788 95.8543 95.9294 95.9925 95.9982 103.943 104.043 104.042 104.449 104.206 104.236 104.255 103.813 103.857 96.1253 103.747 96.1215 103.416 103.508 102.123 96.0906 96.15 96.084
101.075 101.004 102.373 103.83 103.893 102.758 104.053 103.88 103.794 103.745 104.255 102.217 101.157 100.652 99.295 98.995 96.28 98.0881 99.5262 101.269 102.286 102.316 102.317 101.9 102.563 102.431 102.665 102.794 102.906 103.463 102.793 103.169 103.12 102.897 100.973 97.5614 95.748 95.7206 95.81 95.6658 95.76 95.7865 95.8623 95.9381 96.0079 103.395 103.84 104.157 104.403 104.593 104.59 104.486 104.56 104.51 104.355 104.147 102.106 102.559 104.14 103.775 103.557 105.04 103.28 96.1495
104.32 102.785 103.196 103.877 104.063 104.372 104.551 104.635 104.096 102.995 102.75 101.977 100.97 99.65 99.3983 100.105 96.36 96.24 100.033 101.92 102.201 102.6 101.8 101.596 101.89 101.724 101.658 102.178 102.048 102.599 102.738 102.716 102.651 102.585 102.667 95.7929 95.7621 95.78 95.7073 95.78 95.72 95.7951 95.8709 95.9467 96.0225 103.765 104.173 104.37 104.616 104.665 104.742 104.615 105.395 106.006 104.795 104.524 103.775 104.087 104.007 104.43 104.795 104.367 104.24 103.897
103.876 104.24 104.355 103.71 103.9 105.38 104.65 104.84 104.535 103.17 102.097 101.708 100.374 99.16 98.9967 97.7944 96.9734 97.6719 96.42 100.741 101.9 102.365 100.66 101.363 100.76 101.149 101.181 100.83 102.37 102.453 102.395 102.471 102.48 100.621 95.8382 95.8058 95.85 95.7489 95.73 95.8 95.7176 95.7196 95.8371 95.9554 96.0312 99.6575 103.271 104.452 104.683 104.757 104.92 105.049 105.998 104.78 104.763 104.417 103.785 103.32 103.992 104.813 104.883 104.935 104.509 104.374
105.465 104.958 105.115 104.355 104.769 106.05 105.935 105.687 104.996 103.35 102.654 101.967 100.229 99.325 98.4843 96.31 96.36 97.5963 101.73 100.6 102.005 102.01 101.483 101.041 100.747 100.98 100.787 100.894 101.635 102.277 102.372 102.303 102.32 102.306 95.8511 95.8187 95.7904 95.7567 95.7053 95.75 95.6889 95.7869 95.7501 97.3797 103.63 103.662 103.497 104.553 104.612 104.756 104.898 105.015 104.964 104.981 104.99 104.9 103.165 103.177 103.642 105.203 105.53 105.22 104.845 104.94
103.509 104.771 105.035 105.22 105.112 105.536 105.92 105.85 105.917 104.047 103.005 102.905 99.84 98.97 98.3205 96.3734 96.31 96.44 100.186 100.585 101.468 101.71 101.445 101.195 101.028 101.035 101.24 101.193 101.439 102.07 101.975 102.26 102.144 102.085 102.34 103.055 95.8002 95.7488 95.6974 95.75 95.6602 95.8191 95.8174 95.7836 99.57 101.985 104.317 104.464 104.557 104.69 104.687 104.77 104.714 104.73 104.745 102.824 99.33 99.475 105.72 105.381 106.015 105.569 105.789 105.555
104.27 104.355 104.45 104.726 105.033 104.888 105.287 105.5 105.025 103.915 103.574 102.736 103.045 102.883 96.5 96.42 99.4448 99.87 100 102.905 102.379 102.157 101.445 101.118 101.177 101.14 101.22 101.216 101.433 101.72 102.057 101.997 101.889 102.017 100.419 95.86 95.7924 95.741 95.6896 95.6382 95.6315 95.7904 95.8847 95.95 95.87 103.55 104.109 104.43 104.4 104.49 104.56 104.64 104.365 104.506 104.6 99.9 101.968 101.128 102.872 104.481 105.319 105.79 105.536 105.967
98.7059 101.144 104.27 104.303 104.23 105.075 104.852 104.757 104.424 104.103 103.903 103.893 103.52 102.651 103.05 102.83 102.98 102.175 101.778 102.597 103.612 102.97 100.952 100.867 100.759 101.03 101.029 101.218 101.407 101.075 101.563 101.953 101.777 101.008 101.65 95.8469 95.7883 95.7331 95.6817 95.6303 95.6028 95.7616 95.9205 95.84 95.8318 99.4652 104.063 104.213 104.234 104.137 104.395 104.37 104.227 104.377 104.307 101.825 101.476 99.965 102.483 104.023 104.819 104.851 105.173 105.405
95.9851 95.73 98.5675 102.152 103.66 104.02 104.395 103.514 104.012 103.981 104.118 104.51 104.38 103.997 103.569 103.425 103.285 103.084 102.943 102.865 103.216 101.965 99.7367 99.62 100.259 100.77 100.466 100.744 101.003 101.065 100.651 101.5 101.437 101.555 95.9299 95.862 95.7959 95.7392 95.6824 95.6257 95.574 95.721 95.863 95.8031 95.92 99.7046 103.666 103.65 103.704 103.86 104.045 103.55 103.397 103.88 103.484 104 102.668 101.776 102.308 104.293 104.71 104.548 104.653 104.763
95.7835 96.1764 97.3642 98.7574 99.6427 99.9621 99.805 100.936 103.947 103.882 103.795 104.069 104.453 104.152 104.037 103.98 103.743 103.74 103.434 103.382 103.355 103.033 100.16 99.9408 99.78 99.7367 99.39 100.93 100.89 100.505 99.32 99.17 101.465 102.41 100.147 95.877 95.811 95.7469 95.72 95.6699 95.7092 95.86 95.7993 95.8132 95.8521 103.35 103.269 103.435 102.54 103.353 103.17 101.68 103.548 102.05 103.403 103.34 103.37 101.257 101.99 103.66 103.56 104.236 103.948 104.24
95.8214 95.86 95.966 95.9903 95.9489 95.9507 96.0009 96.6809 97.874 100.184 103.365 103.565 104.008 104.01 104.227 104.586 104.557 104.008 103.665 104.013 103.89 102.135 100.647 100.341 99.81 100.123 100.57 100.521 100.043 99.1675 99.1267 99.1625 99.985 99.5082 95.8793 95.8233 95.7674 95.7206 95.7651 95.8105 95.8559 95.8238 95.7853 95.94 95.8569 98.75 98.78 99.11 98.914 98.5609 98.7636 99.2888 98.785 99.397 99.643 99.9567 96.18 98.1426 99.8721 103.58 103.1 102.32 103.278 103.762
95.9301 95.99 95.9 95.8715 95.97 96 95.9809 96.0475 96.1141 96.1807 99.0214 99.3 103.03 101.946 103.835 107.56 103.927 104.106 104.445 103.843 103.242 102.329 100.967 101.029 100.777 100.677 100.826 100.592 101.21 99.8746 99.1167 99.2891 99.22 100.615 95.99 95.6885 95.6679 95.7029 95.7979 95.8433 95.88 95.7833 95.8137 95.94 95.8517 95.8905 95.96 95.968 96.0068 96.0455 96.0843 96.123 96.1606 96.1779 96.1421 96.1939 96.2458 96.2977 96.3495 96.4014 99.73 102.03 102.669 103.065
95.9814 95.9683 95.8597 95.8539 95.94 95.9247 95.9805 96.046 96.1126 96.1466 96.06 97.4162 96.1 97.9851 96.33 103.375 104.478 103.952 104.085 103.993 102.43 102.569 101.633 101.733 101.478 101.329 101.467 101.174 100.955 99.65 99.3952 99.28 99.4381 99.035 95.82 95.81 95.6321 95.729 95.8307 95.8067 95.7806 95.7562 95.8482 95.9429 95.9223 95.9016 95.9241 95.97 96.0016 96.0404 96.0791 96.1179 96.1424 96.1597 96.15 96.15 96.1606 96.2124 96.2643 96.3457 96.4368 99.9459 104.025 100.913
95.9669 95.9341 95.9013 95.8475 95.8868 95.9426 95.9983 96.0508 96.0827 96.0774 96.0721 96.075 96.1587 96.2942 96.3149 97.8901 101.441 103.294 103.618 103.389 103.913 104.065 101.624 101.327 101.87 101.577 101.856 101.019 100.258 99.8002 99.5567 99.3633 98.7066 98.304 102.65 95.7176 95.75 95.84 95.8121 95.81 95.77 95.7459 95.8668 95.9848 96.06 95.9738 95.9531 95.9578 95.9965 96.0353 96.074 96.107 96.1243 96.1416 96.0776 96.035 96.0754 96.21 96.2591 96.3546 96.4082 97.5262 99.7737 100.793
95.9326 95.8999 95.8694 95.8873 95.8991 95.9045 95.9494 95.9985 96.0476 96.0638 96.039 96.016 96.0727 96.1825 96.2321 96.2561 97.9452 102.179 102.69 103.01 102.43 100.256 100.623 100.832 100.933 101.61 101.435 101.015 99.4567 99.6781 99.5457 100.085 99.43 95.8529 95.9486 96.05 95.7474 95.8102 95.85 95.7704 95.82 95.7646 95.8855 96.0064 96.0506 96.0459 96.0253 96.0046 95.9914 96.0302 96.0689 96.0889 96.0809 96.1091 96.12 96.0025 96.077 96.1725 96.268 96.3509 96.3796 96.4082 96.4252 100.723
95.8984 95.9117 95.9296 98.51 100.688 95.9697 103.82 95.9804 96.17 102.595 96.0449 96.09 96.0016 96.0363 96.079 96.1217 96.9115 96.17 98.2941 99.4474 102.77 96.28 98.9699 100.484 100.688 100.757 101.158 102.26 101.527 100.9 100.3 100.285 102.825 100.16 95.9503 95.9994 95.8562 95.825 95.86 95.895 95.7287 95.7833 95.8727 95.9402 95.9843 95.9968 96.0093 96.0218 96.0343 96.0355 96.0313 95.9545 96.0263 96.17 96.0365 96.0734 96.1519 96.22 96.2827 96.3223 96.3466 96.3706 96.3957 99.4264
95.954 95.9719 95.9898 98.04 100.032 101.981 104.09 103.7 103.06 102.91 96.0631 96.0669 96.0661 96.2 96.1228 96.1617 96.2006 96.22 96.2019 96.2291 96.32 96.2875 97.0285 99.97 100.13 99.5234 100.7 100.849 102.58 102.44 100.688 100.654 101.03 99.5453 96.05 95.9389 95.911 95.8831 95.91 95.7806 95.76 95.7745 95.839 95.9035 95.9419 95.9627 96.02 96.0041 96.0248 96.0455 95.8907 95.9436 96.0411 96.1385 96.0587 96.1443 96.212 96.1762 96.17 96.1087 96.28 96.2163 96.2085 102.11
96.0142 96.0321 96.05 100.648 102.361 104.075 103.995 103.984 104.245 103.265 100.677 96.1567 96.1641 96.22 96.2318 96.32 96.2574 96.2262 96.2234 96.2485 96.2735 96.3002 96.3294 96.3821 96.3537 99.865 96.31 98.7152 101.83 100.65 100.754 100.48 99.555 102.745 99.4 95.8711 95.837 95.8018 95.8631 95.8179 95.7558 95.8166 95.8958 95.9603 95.9342 95.9798 96.0005 96.0212 96.0419 96.036 95.9734 95.9546 96.055 96.1238 96.1296 96.1619 96.1933 96.2247 96.23 96.1576 96.1561 96.21 96.0906 99.6268
96.0744 96.0923 96.1102 98.5942 102.488 104.286 104.818 104.138 102.471 99.8531 96.2068 96.2285 96.33 96.2068 96.2437 96.2955 96.2971 96.31 96.245 96.2701 96.2951 96.3133 96.3315 96.3624 96.3261 96.2967 96.2672 96.2534 97.2174 97.8421 99.4106 99.695 100.363 100.393 102.25 96.28 95.7493 95.7485 95.95 95.92 95.7734 95.8323 95.9526 96.03 95.9511 95.9671 96.0176 96.0384 96.0591 96.0197 95.9572 95.9634 96.0417 96.0692 96.0768 96.1177 96.1586 96.1995 96.2304 96.2353 96.2403 96.2347 96.1497 102.343
96.1346 96.1525 96.1704 98.595 104.17 104.255 104.571 104.075 103.3 96.39 96.42 96.2876 96.2501 96.0942 96.1297 96.1864 96.2677 96.2986 96.2242 96.2719 96.2877 96.3035 96.3192 96.3549 96.3172 96.2795 96.2419 96.2102 96.25 96.16 97.4044 99.95 97.7296 97.2844 96.27 96.19 95.88 95.8469 95.93 95.91 95.87 95.8479 95.9687 96.0133 95.9679 95.96 96.0347 96.0555 96.0659 96.0034 95.97 95.9154 95.9937 95.9997 95.996 96.0245 96.0654 96.1062 96.1381 96.1695 96.2248 96.2559 96.1912 102.42
96.0547 96.1543 96.2306 99.3039 103.543 104.645 105.085 103.441 100.92 96.3287 96.3416 96.355 96.2679 96.112 96.04 96.0773 96.1742 96.183 96.1256 96.2015 96.2774 96.2937 96.3094 96.3393 96.3097 96.295 96.2344 96.1967 96.25 96.1737 96.1911 96.22 96.2259 96.26 96.2607 95.9931 95.9175 95.977 95.92 95.8841 95.95 95.8624 96.05 96.07 95.9831 95.9394 95.9576 96.0726 96.09 95.9968 95.9467 95.8966 95.9457 95.9331 95.99 95.9435 95.9721 96.0123 96.0849 96.1575 96.2301 98.1192 102.587 103.566
95.9663 98.545 96.1655 104.08 104.537 104.8 104.1 103.32 98.5368 96.43 96.3714 96.3472 96.36 96.1298 95.9739 96.0085 96.1448 96.043 96.027 96.1029 96.1788 96.2548 96.2996 96.3154 96.3023 96.2646 96.2277 96.25 96.19 96.1833 96.1861 96.1971 96.3 96.2319 96.1855 96.095 96.0155 96.075 95.9749 95.99 95.9 95.8981 95.9954 96.115 96.07 96 95.9103 96.0805 96.0457 96.08 95.9463 96.02 95.8786 95.8666 95.8831 95.8882 95.9355 96.0176 96.0902 96.1628 96.2354 99.7087 102.814 102.42
95.8778 98.0935 102.66 102.54 104.655 104.254 102.823 99.8139 96.5 96.47 96.4012 96.377 96.2819 96.0982 95.9284 96.03 95.9948 95.955 95.93 96.0043 96.0802 96.1561 96.2321 96.3055 96.31 96.2618 96.2384 96.2312 96.35 96.2049 96.2022 96.3 96.2078 96.2205 96.185 96.0645 96.115 96.23 96.0486 96.12 95.9082 95.9659 96.0237 96.1283 96.075 95.9649 96.0049 96.0599 96.0532 95.9834 95.9343 95.8856 95.8929 95.9304 99.67 95.8614 95.9308 96.0229 96.0955 98.7233 97.4688 100.731 100.83 101.962
95.7893 97.6228 100.49 103.595 104.13 104.15 103.34 96.4858 96.4368 96.373 96.3092 96.23 96.0807 95.9306 95.8442 95.95 95.9317 95.9212 95.9068 95.981 96.0552 96.1294 96.2037 96.2534 96.2806 96.3089 96.3248 96.3408 96.3291 96.33 96.2845 96.27 96.24 96.2266 96.28 96.1258 96.0743 96.1812 96.04 96.12 95.9451 96.0166 96.0881 96.1492 96.2 96.0342 96.2 101.22 96.0742 96.08 95.9346 95.8716 95.9197 95.99 101 95.8346 98.95 98.1629 99.06 98.745 99.066 100.642 103.004 101.773
95.7008 95.62 98.0498 101.302 105.443 103.113 100.704 102.895 96.4238 96.4048 96.44 96.31 95.956 95.8117 95.96 95.952 95.9707 95.9708 96.04 95.9914 96.0656 96.1398 96.1702 96.1645 96.1897 96.2458 96.2849 96.3008 96.309 96.2867 96.27 96.2421 96.2206 96.2836 96.2415 96.1873 96.1352 96.0821 96.0322 96.18 95.9927 96.0576 96.1328 96.208 96.2264 96.1917 98.8584 99.4079 96.0874 96.1982 96.91 96.83 96.1951 100.68 95.9514 95.8282 99.56 99.695 99.5433 99.55 99.23 99.1467 101.739 101.883
95.6123 95.7044 95.7769 97.0521 95.71 95.77 97.6499 96.1766 96.2699 96.3333 96.2753 96.0757 95.9118 95.92 96.04 96.0059 96.006 96.006 96.0061 96.0018 96.076 96.087 96.0611 96.0811 96.101 96.155 96.211 96.2609 96.2768 96.2665 96.2442 96.2219 96.2776 96.3406 96.39 96.2489 96.1961 96.1662 96.19 96.2 96.08 96.1018 96.2074 96.31 96.2471 102.06 101.4 103.65 102.083 96.6341 102.583 102.51 96.4541 101.625 96.0641 95.9336 99.71 99.9033 99.8675 98.1646 97.7372 99.3236 102.975 101.667
95.6044 95.6081 95.6118 95.6763 95.7489 95.8361 95.905 95.966 96.0269 96.0879 96.1489 96.0711 96 95.8355 96.0359 96.0357 96.0355 96.0352 96.035 96.0348 96.0038 95.9577 95.9777 95.9977 96.0176 96.0641 96.1202 96.1762 96.2323 96.2463 96.224 96.2716 96.3346 96.3923 96.3584 96.32 96.37 96.2657 96.295 96.0782 95.9918 96.1049 96.2289 97.9713 101.88 102.493 102.955 103.479 104.455 103.987 102.127 101.534 101.573 100.497 100.14 99.8067 96.0819 96.19 96.1009 96.1892 96.21 96.1114 102.16 100.402
95.73 95.6711 95.6748 95.6648 95.6576 95.6914 95.7253 95.7591 95.7929 95.8425 95.9035 95.9644 95.92 95.7539 95.7989 95.8439 95.8889 95.9025 95.9023 95.902 95.8709 95.8743 95.8943 95.9143 95.9342 95.9733 96.0293 96.0854 96.1415 96.1975 96.2583 96.3126 96.3669 96.4211 96.34 96.3041 96.3081 96.3139 96.31 96.18 96.2 96.0871 96.2068 99.1959 102.51 102.379 103.125 103.57 104.153 104.121 103.425 102.502 102.237 102.06 102.41 96.1421 96.28 96.2303 96.32 96.223 96.21 96.0903 96.0253 97.4675
95.7305 95.7057 95.6722 95.6387 95.725 95.6952 95.729 95.7628 95.7966 95.8304 95.8643 95.8937 95.9061 95.7706 95.765 95.7595 95.7539 95.7484 95.7428 95.7693 95.7709 95.7909 95.8109 95.8308 95.8508 95.8824 95.9385 95.9945 96.0506 96.1333 96.2756 96.3415 96.3957 96.45 96.2936 96.2463 96.2728 96.3055 96.2861 96.1609 96.16 96.0786 96.1848 97.9931 102.03 101.99 102.158 103.802 104.68 104.322 103.597 102.825 102.4 102.17 101.44 102.635 96.31 96.3346 96.2773 96.26 96.2016 96.23 96.2 95.9697
95.7131 95.6796 95.685 95.6313 95.6652 95.699 95.7328 95.7666 95.8004 95.8324 95.8556 95.8787 95.9019 95.7922 95.7867 95.7811 95.7756 95.77 95.7645 95.7037 95.7151 95.7075 95.7275 95.7474 95.7674 95.7916 95.8476 95.9037 95.9712 96.0855 96.2821 96.3538 96.4246 96.4789 96.435 96.2309 96.31 96.36 96.3085 96.3 96.0722 96.086 96.1695 96.2825 96.3537 99.5592 100.863 99.12 102.755 104.095 103.36 102.655 102.521 102.547 100.648 96.4 96.3793 96.3798 96.35 96.2021 96.26 96.1661 96.0888 96.0116
